,Polling firm,Fieldwork date,Samplesize,Abs.,Union,SPD,AfD,FDP,Linke,Grüne,Others,Lead
0,Forsa,21–23 Dec 2020,1501,–,36.0,15.0,9.0,6.0,9.0,18.0,7.0,18.0
1,INSA,18–21 Dec 2020,2055,–,35.0,16.0,11.0,8.0,7.5,16.5,6.0,18.5
2,Forsa,14–18 Dec 2020,2505,23,37.0,15.0,8.0,6.0,8.0,19.0,7.0,18.0
3,Kantar,10–16 Dec 2020,2401,–,35.0,17.0,10.0,6.0,8.0,19.0,5.0,16.0
4,INSA,11–14 Dec 2020,2002,–,36.0,17.0,10.0,7.0,7.5,17.0,5.5,19.0
5,Forsa,7–11 Dec 2020,2503,23,37.0,15.0,8.0,5.0,8.0,20.0,7.0,17.0
6,Allensbach,28 Nov–10 Dec 2020,1022,–,37.0,16.5,9.0,7.0,7.0,19.0,4.5,18.0
7,Infratest dimap,7–9 Dec 2020,1004,–,36.0,16.0,9.0,6.0,7.0,20.0,6.0,16.0
8,Forschungsgruppe Wahlen,7–9 Dec 2020,1246,25,37.0,16.0,10.0,5.0,8.0,20.0,4.0,17.0
9,Kantar,3–9 Dec 2020,2374,–,35.0,16.0,10.0,7.0,7.0,19.0,6.0,16.0
10,INSA,4–7 Dec 2020,2057,–,35.5,15.5,10.0,8.0,7.5,17.5,6.0,18.0
11,Forsa,30 Nov–4 Dec 2020,2507,21,36.0,15.0,8.0,6.0,8.0,20.0,7.0,16.0
12,Infratest dimap,30 Nov–2 Dec 2020,1507,–,36.0,15.0,10.0,6.0,7.0,21.0,5.0,15.0
13,Kantar,26 Nov–2 Dec 2020,1438,–,35.0,15.0,10.0,7.0,8.0,19.0,6.0,16.0
14,INSA,27–30 Nov 2020,2046,–,35.5,15.5,11.0,7.5,7.0,17.5,6.0,18.0
15,Forsa,23–27 Nov 2020,2500,23,37.0,15.0,7.0,6.0,8.0,21.0,6.0,16.0
16,Forschungsgruppe Wahlen,24–26 Nov 2020,1330,24,37.0,16.0,9.0,5.0,7.0,21.0,5.0,16.0
17,Infratest dimap,24–25 Nov 2020,1047,–,35.0,15.0,11.0,7.0,7.0,21.0,4.0,14.0
18,Kantar,19–25 Nov 2020,1517,–,34.0,16.0,9.0,8.0,8.0,18.0,7.0,16.0
19,INSA,20–23 Nov 2020,2063,–,36.0,15.5,11.0,7.0,7.0,17.5,6.0,18.5
20,YouGov,19–23 Nov 2020,1632,–,37.0,15.0,10.0,6.0,9.0,18.0,5.0,19.0
21,Forsa,16–19 Nov 2020,2505,23,36.0,16.0,9.0,6.0,7.0,19.0,7.0,17.0
22,Kantar,12–18 Nov 2020,1927,–,36.0,16.0,9.0,7.0,7.0,18.0,7.0,16.0
23,INSA,13–16 Nov 2020,2077,–,36.5,15.5,11.0,7.0,7.5,17.5,5.0,19.0
24,Forsa,9–13 Nov 2020,2502,22,36.0,15.0,10.0,5.0,8.0,19.0,7.0,17.0
25,Forschungsgruppe Wahlen,10–12 Nov 2020,1347,20,37.0,16.0,9.0,5.0,7.0,20.0,6.0,17.0
26,Infratest dimap,9–11 Nov 2020,1504,–,36.0,15.0,10.0,6.0,7.0,20.0,6.0,16.0
27,Kantar,5–11 Nov 2020,2405,–,35.0,15.0,9.0,7.0,8.0,19.0,7.0,16.0
28,Allensbach,1–11 Nov 2020,1286,–,37.0,17.0,9.5,6.5,7.5,18.0,4.5,19.0
29,INSA,6–9 Nov 2020,2030,–,34.5,15.5,12.0,7.0,7.5,17.5,6.0,17.0
30,GMS,4–9 Nov 2020,1007,–,37.0,15.0,10.0,5.0,7.0,19.0,7.0,18.0
31,Forsa,2–6 Nov 2020,2502,22,36.0,15.0,10.0,6.0,8.0,18.0,7.0,18.0
32,Kantar,29 Oct–4 Nov 2020,1415,–,36.0,16.0,9.0,7.0,8.0,18.0,6.0,18.0
33,INSA,30 Oct–2 Nov 2020,2035,–,34.5,15.5,11.0,6.5,8.5,18.0,6.0,16.5
34,Forsa,26–30 Oct 2020,2503,22,35.0,16.0,10.0,6.0,8.0,19.0,6.0,16.0
35,Kantar,22–28 Oct 2020,1987,–,35.0,15.0,10.0,7.0,8.0,19.0,6.0,16.0
36,INSA,23–26 Oct 2020,2069,–,35.5,14.5,12.0,6.5,7.5,17.5,6.5,18.0
37,YouGov,22–26 Oct 2020,1656,–,35.0,15.0,12.0,6.0,9.0,18.0,5.0,17.0
38,Forsa,19–23 Oct 2020,2503,22,36.0,15.0,9.0,6.0,7.0,20.0,7.0,16.0
39,Forschungsgruppe Wahlen,20–22 Oct 2020,1297,23,38.0,15.0,9.0,5.0,8.0,20.0,5.0,18.0
40,Kantar,15–21 Oct 2020,1434,–,35.0,15.0,11.0,6.0,8.0,19.0,6.0,16.0
41,Allensbach,07–20 Oct 2020,1045,–,35.5,17.0,10.0,6.0,7.0,20.0,4.5,15.5
42,INSA,16–19 Oct 2020,2074,–,35.0,14.5,11.5,7.5,8.0,18.0,5.5,17.0
43,Forsa,12–16 Oct 2020,2501,23,36.0,15.0,9.0,6.0,7.0,20.0,7.0,16.0
44,Infratest dimap,12–14 Oct 2020,1038,–,35.0,15.0,11.0,6.0,7.0,20.0,6.0,15.0
45,Kantar,8–14 Oct 2020,2407,–,35.0,16.0,10.0,6.0,8.0,19.0,6.0,16.0
46,INSA,9–12 Oct 2020,2084,–,35.0,14.5,11.0,7.0,8.0,18.5,6.0,16.5
47,GMS,7–12 Oct 2020,2084,–,36.0,16.0,10.0,5.0,7.0,20.0,6.0,16.0
48,Forsa,5–9 Oct 2020,2504,21,36.0,15.0,9.0,5.0,8.0,20.0,7.0,16.0
49,Forschungsgruppe Wahlen,6–8 Oct 2020,1229,20,37.0,16.0,10.0,5.0,7.0,20.0,5.0,17.0
50,Kantar,1–7 Oct 2020,1411,–,34.0,17.0,9.0,5.0,8.0,20.0,7.0,14.0
51,INSA,2–5 Oct 2020,2058,–,36.0,14.5,11.5,7.0,6.0,18.5,6.5,17.5
52,Forsa,29 Sep–2 Oct 2020,2502,22,36.0,15.0,9.0,6.0,7.0,20.0,7.0,16.0
53,Infratest dimap,28–30 Sep 2020,1501,–,35.0,15.0,10.0,6.0,8.0,21.0,5.0,14.0
54,Kantar,22–30 Sep 2020,2397,–,35.0,16.0,11.0,6.0,9.0,18.0,5.0,18.0
55,INSA,25–28 Sep 2020,2065,–,35.0,15.5,11.5,6.5,6.5,19.0,6.0,16.0
56,Forsa,21–25 Sep 2020,2504,23,35.0,15.0,9.0,6.0,8.0,21.0,6.0,14.0
57,Kantar,17–23 Sep 2020,1509,–,36.0,16.0,11.0,6.0,8.0,18.0,5.0,18.0
58,YouGov,19–21 Sep 2020,1623,–,35.0,15.0,12.0,5.0,9.0,18.0,6.0,17.0
59,INSA,18–21 Sep 2020,2067,–,35.0,15.5,12.0,6.5,7.5,17.5,6.0,17.5
60,Forsa,14–18 Sep 2020,2501,22,36.0,14.0,8.0,5.0,8.0,22.0,7.0,14.0
61,Infratest dimap,15–16 Sep 2020,1051,–,36.0,16.0,10.0,5.0,8.0,20.0,5.0,16.0
62,Forschungsgruppe Wahlen,14–16 Sep 2020,1241,20,37.0,17.0,10.0,5.0,7.0,19.0,5.0,18.0
63,Kantar,10–16 Sep 2020,1534,–,36.0,16.0,11.0,5.0,8.0,18.0,6.0,18.0
64,Allensbach,4–16 Sep 2020,1043,–,37.0,17.0,9.0,6.0,7.0,19.5,4.5,17.5
65,INSA,11–14 Sep 2020,2036,–,35.5,16.0,11.5,7.0,7.5,17.0,5.5,18.5
66,Forsa,7–11 Sep 2020,2501,23,36.0,16.0,9.0,5.0,9.0,18.0,7.0,18.0
67,Kantar,3–9 Sep 2020,1446,–,36.0,17.0,10.0,6.0,8.0,18.0,5.0,18.0
68,INSA,4–7 Sep 2020,2068,–,35.0,16.0,11.0,6.5,8.0,18.0,5.5,17.0
69,Forsa,31 Aug–4 Sep 2020,2503,22,36.0,16.0,9.0,5.0,9.0,18.0,7.0,18.0
70,Infratest dimap,31 Aug–2 Sep 2020,1527,–,36.0,17.0,10.0,6.0,7.0,19.0,5.0,17.0
71,Kantar,27 Aug–2 Sep 2020,1447,–,36.0,17.0,11.0,6.0,7.0,18.0,5.0,18.0
72,INSA,28–31 Aug 2020,2068,–,36.5,16.0,11.0,6.0,7.5,17.5,5.5,19.0
73,Forsa,24–28 Aug 2020,2502,23,36.0,16.0,9.0,5.0,7.0,19.0,8.0,17.0
74,Forschungsgruppe Wahlen,25–27 Aug 2020,1303,25,38.0,16.0,9.0,5.0,8.0,19.0,5.0,19.0
75,Kantar,18–26 Aug 2020,1597,–,36.0,16.0,11.0,6.0,8.0,18.0,5.0,18.0
76,YouGov,20–24 Aug 2020,1611,–,36.0,16.0,11.0,5.0,8.0,18.0,6.0,18.0
77,INSA,21–24 Aug 2020,2067,–,35.5,17.0,11.0,6.5,9.0,16.0,5.0,18.5
78,Forsa,17–21 Aug 2020,2504,23,36.0,16.0,9.0,5.0,7.0,19.0,8.0,17.0
79,Kantar,13–19 Aug 2020,2107,–,36.0,17.0,10.0,7.0,8.0,16.0,6.0,19.0
80,Infratest dimap,18–19 Aug 2020,1065,–,37.0,16.0,10.0,6.0,8.0,17.0,6.0,20.0
81,Allensbach,5–18 Aug 2020,1231,–,38.0,17.0,9.0,5.5,7.0,19.0,4.5,18.0
82,INSA,14–17 Aug 2020,2101,–,36.0,18.0,11.0,6.0,8.0,16.0,5.0,18.0
83,Forsa,10–14 Aug 2020,2501,22,36.0,16.0,9.0,6.0,6.0,20.0,7.0,16.0
84,Kantar,6–12 Aug 2020,1912,–,36.0,18.0,11.0,6.0,8.0,16.0,5.0,18.0
85,INSA,11 Aug 2020,1012,–,36.0,18.0,11.0,7.0,9.0,15.0,4.0,18.0
86,Forsa,3–7 Aug 2020,2502,22,38.0,14.0,8.0,6.0,8.0,18.0,8.0,20.0
87,Kantar,30 Jul–6 Aug 2020,1564,–,38.0,15.0,11.0,6.0,8.0,18.0,4.0,20.0
88,Infratest dimap,3–5 Aug 2020,1511,–,38.0,15.0,11.0,6.0,7.0,18.0,5.0,20.0
89,YouGov,30 Jul–4 Aug 2020,1623,–,36.0,14.0,11.0,6.0,9.0,18.0,6.0,18.0
90,INSA,31 Jul–3 Aug 2020,2090,–,36.5,15.0,11.0,6.5,8.5,16.5,6.0,20.0
91,Forsa,27–31 Jul 2020,2504,22,38.0,14.0,8.0,6.0,8.0,18.0,8.0,20.0
92,Forschungsgruppe Wahlen,28–30 Jul 2020,1249,22,38.0,14.0,9.0,5.0,8.0,21.0,5.0,17.0
93,Kantar,23–29 Jul 2020,1449,–,37.0,16.0,10.0,6.0,8.0,17.0,6.0,20.0
94,INSA,24–27 Jul 2020,2039,–,36.5,15.0,11.0,7.0,8.0,16.0,6.5,20.5
95,GMS,22–27 Jul 2020,1003,–,38.0,14.0,10.0,6.0,6.0,19.0,7.0,19.0
96,Forsa,20–24 Jul 2020,2504,23,38.0,14.0,9.0,6.0,8.0,18.0,7.0,20.0
97,Infratest dimap,21–22 Jul 2020,1064,–,37.0,14.0,11.0,5.0,7.0,20.0,6.0,17.0
98,Kantar,16–22 Jul 2020,2031,–,37.0,15.0,11.0,6.0,8.0,18.0,5.0,19.0
99,INSA,17–20 Jul 2020,2049,–,36.5,16.0,10.0,7.5,7.5,16.0,6.5,20.5
100,Forsa,13–16 Jul 2020,2501,23,38.0,14.0,9.0,6.0,8.0,18.0,7.0,20.0
101,Allensbach,3–16 Jul 2020,1237,–,38.0,15.5,9.0,5.5,7.5,20.0,4.5,18.0
102,Kantar,9–15 Jul 2020,1449,–,38.0,16.0,10.0,6.0,8.0,17.0,5.0,21.0
103,INSA,10–13 Jul 2020,2051,–,37.0,14.5,11.0,7.0,8.5,16.5,5.5,20.5
104,Forsa,6–10 Jul 2020,2500,24,38.0,14.0,10.0,6.0,7.0,18.0,7.0,20.0
105,Forschungsgruppe Wahlen,7–9 Jul 2020,1226,19,39.0,15.0,9.0,5.0,7.0,20.0,5.0,19.0
106,Kantar,2–8 Jul 2020,1426,–,38.0,15.0,11.0,6.0,8.0,17.0,5.0,21.0
107,INSA,3–6 Jul 2020,2040,–,36.0,15.0,11.0,7.0,8.0,17.0,6.0,19.0
108,Forsa,29 Jun–3 Jul 2020,2503,27,38.0,14.0,10.0,5.0,8.0,18.0,7.0,20.0
109,Kantar,24 Jun–2 Jul 2020,1436,–,37.0,16.0,10.0,6.0,8.0,19.0,4.0,18.0
110,Infratest dimap,29 Jun–1 Jul 2020,1503,–,37.0,16.0,10.0,5.0,7.0,20.0,5.0,17.0
111,INSA,26–29 Jun 2020,2051,–,36.5,16.0,10.5,7.0,8.0,17.0,5.0,19.5
112,Forsa,22–26 Jun 2020,2501,27,38.0,14.0,10.0,6.0,8.0,17.0,7.0,21.0
113,Forschungsgruppe Wahlen,23–25 Jun 2020,1227,22,40.0,15.0,9.0,5.0,7.0,19.0,5.0,21.0
114,Infratest dimap,23–24 Jun 2020,1068,–,37.0,16.0,10.0,5.0,7.0,20.0,5.0,17.0
115,Kantar,18–24 Jun 2020,1550,–,37.0,16.0,10.0,6.0,8.0,18.0,5.0,19.0
116,INSA,19–22 Jun 2020,2058,–,36.5,15.0,10.0,6.0,8.5,18.5,5.5,18.0
117,YouGov,18–22 Jun 2020,1636,–,37.0,15.0,11.0,5.0,9.0,17.0,6.0,20.0
118,Forsa,15–19 Jun 2020,2501,25,39.0,14.0,9.0,5.0,8.0,18.0,7.0,21.0
119,Kantar,10–17 Jun 2020,2403,–,38.0,15.0,10.0,7.0,8.0,17.0,5.0,21.0
120,INSA,12–15 Jun 2020,2069,–,37.0,15.0,10.0,7.0,8.0,18.0,5.0,19.0
121,GMS,9–15 Jun 2020,1002,–,39.0,15.0,9.0,6.0,8.0,17.0,6.0,22.0
122,Forsa,8–13 Jun 2020,2504,26,40.0,14.0,8.0,6.0,8.0,17.0,7.0,23.0
123,Allensbach,1–13 Jun 2020,1314,–,40.0,16.0,9.5,4.5,7.0,18.5,4.5,21.5
124,Forschungsgruppe Wahlen,8–10 Jun 2020,1270,21,39.0,15.0,9.0,4.0,7.0,20.0,6.0,19.0
125,Kantar,4–9 Jun 2020,1934,–,39.0,15.0,9.0,7.0,7.0,17.0,6.0,22.0
126,INSA,5–8 Jun 2020,2051,–,38.0,14.0,10.0,6.5,8.5,17.5,5.5,20.5
127,Forsa,2–5 Jun 2020,2002,27,40.0,16.0,8.0,6.0,8.0,15.0,7.0,24.0
128,Infratest dimap,2–3 Jun 2020,1505,–,38.0,15.0,9.0,6.0,8.0,19.0,5.0,19.0
129,Kantar,28 May–3 Jun 2020,1428,–,38.0,15.0,8.0,7.0,8.0,16.0,8.0,22.0
130,INSA,29 May–2 Jun 2020,2047,–,38.5,14.0,10.0,5.5,8.0,18.0,6.0,20.5
131,Forsa,27–29 May 2020,1507,26,40.0,15.0,9.0,5.0,8.0,16.0,7.0,24.0
132,Forschungsgruppe Wahlen,26–28 May 2020,1377,24,39.0,15.0,9.0,4.0,8.0,19.0,6.0,20.0
133,Kantar,20–26 May 2020,1934,–,40.0,16.0,9.0,8.0,7.0,15.0,5.0,24.0
134,YouGov,20–26 May 2020,1584,–,37.0,15.0,11.0,5.0,9.0,16.0,7.0,21.0
135,INSA,22–25 May 2020,2062,–,37.0,15.0,9.5,6.0,8.0,18.0,6.5,19.0
136,Forsa,18–22 May 2020,2002,26,40.0,15.0,9.0,5.0,8.0,16.0,7.0,24.0
137,Kantar,14–19 May 2020,1914,–,38.0,16.0,10.0,7.0,8.0,15.0,6.0,22.0
138,INSA,15–18 May 2020,2092,–,37.0,14.0,10.5,6.0,7.5,18.0,7.0,19.0
139,Forsa,11–15 May 2020,2509,25,39.0,15.0,9.0,6.0,8.0,16.0,7.0,23.0
140,Forschungsgruppe Wahlen,12–14 May 2020,1282,23,38.0,15.0,10.0,5.0,8.0,18.0,6.0,20.0
141,Allensbach,6–14 May 2020,1013,–,38.0,15.5,9.0,5.5,7.0,19.0,6.0,19.0
142,Infratest dimap,12–13 May 2020,1074,–,38.0,15.0,10.0,6.0,7.0,18.0,6.0,20.0
143,Kantar,7–13 May 2020,1559,–,39.0,16.0,11.0,6.0,8.0,14.0,6.0,23.0
144,INSA,8–11 May 2020,2061,–,37.5,14.0,11.0,6.5,7.5,16.5,7.0,21.0
145,Forsa,4–8 May 2020,2503,27,40.0,15.0,10.0,6.0,7.0,15.0,7.0,25.0
146,Infratest dimap,4–6 May 2020,1503,–,39.0,16.0,9.0,5.0,8.0,18.0,5.0,21.0
147,Kantar,30 Apr–6 May 2020,1426,–,38.0,17.0,12.0,5.0,8.0,14.0,6.0,21.0
148,INSA,1–4 May 2020,2101,–,37.5,15.0,11.0,6.0,7.5,17.0,6.0,20.5
149,Forsa,27–30 Apr 2020,2004,26,38.0,17.0,10.0,6.0,8.0,14.0,7.0,21.0
150,Kantar,22–29 Apr 2020,1443,–,37.0,15.0,12.0,6.0,9.0,15.0,6.0,22.0
151,INSA,24–27 Apr 2020,2071,–,38.0,15.5,10.5,7.0,7.0,16.0,6.0,22.0
152,YouGov,23–27 Apr 2020,1636,–,37.0,16.0,11.0,5.0,9.0,16.0,6.0,21.0
153,GMS,20–27 Apr 2020,1002,–,38.0,16.0,10.0,6.0,8.0,16.0,6.0,22.0
154,Forsa,20–24 Apr 2020,2505,24,39.0,16.0,9.0,6.0,8.0,15.0,7.0,23.0
155,Forschungsgruppe Wahlen,20–23 Apr 2020,1323,23,39.0,16.0,9.0,5.0,7.0,18.0,6.0,21.0
156,Kantar,16–22 Apr 2020,2003,–,38.0,16.0,11.0,6.0,9.0,15.0,5.0,22.0
157,INSA,17–20 Apr 2020,2054,–,38.5,15.0,10.5,7.0,7.5,16.0,5.5,22.5
158,Forsa,14–17 Apr 2020,2002,25,39.0,16.0,10.0,5.0,8.0,15.0,7.0,23.0
159,Infratest dimap,14–15 Apr 2020,1057,–,38.0,17.0,9.0,5.0,7.0,19.0,5.0,19.0
160,Kantar,9–15 Apr 2020,1534,–,37.0,18.0,9.0,7.0,8.0,16.0,5.0,19.0
161,Allensbach,1–15 Apr 2020,1152,–,38.0,16.0,9.0,6.0,7.0,19.0,5.0,19.0
162,INSA,9–14 Apr 2020,2108,–,37.5,16.0,10.5,7.0,7.5,16.0,5.5,21.5
163,Forsa,6–9 Apr 2020,2001,–,37.0,17.0,10.0,5.0,8.0,16.0,7.0,20.0
164,Forschungsgruppe Wahlen,6–8 Apr 2020,1175,23,35.0,17.0,10.0,5.0,7.0,20.0,6.0,15.0
165,Kantar,2–8 Apr 2020,1912,–,37.0,17.0,10.0,6.0,9.0,16.0,5.0,20.0
166,INSA,3–6 Apr 2020,2062,–,38.0,16.0,10.0,5.5,7.0,18.0,5.5,20.0
167,Forsa,30 Mar–3 Apr 2020,2506,25,37.0,17.0,9.0,6.0,8.0,16.0,7.0,20.0
168,Infratest dimap,30 Mar–1 Apr 2020,1502,–,34.0,16.0,10.0,5.0,7.0,22.0,6.0,12.0
169,Kantar,25 Mar–1 Apr 2020,1426,–,33.0,18.0,11.0,6.0,9.0,18.0,5.0,15.0
170,YouGov,27–30 Mar 2020,1615,–,34.0,16.0,12.0,6.0,9.0,18.0,5.0,16.0
171,INSA,27–30 Mar 2020,2061,–,35.0,15.0,12.0,6.5,7.5,18.0,6.0,17.0
172,Forsa,23–27 Mar 2020,2511,25,36.0,16.0,9.0,6.0,8.0,17.0,8.0,19.0
173,Forschungsgruppe Wahlen,23–26 Mar 2020,1473,28,33.0,15.0,10.0,6.0,8.0,22.0,6.0,11.0
174,Forsa,23–25 Mar 2020,1502,24,36.0,16.0,9.0,6.0,8.0,17.0,8.0,19.0
175,Kantar,18–25 Mar 2020,1441,–,32.0,18.0,11.0,6.0,9.0,19.0,5.0,13.0
176,INSA,20–23 Mar 2020,2070,–,33.5,15.0,12.0,6.5,7.0,20.0,6.0,13.5
177,Forsa,16–20 Mar 2020,2504,24,32.0,15.0,9.0,7.0,9.0,20.0,8.0,12.0
178,Infratest dimap,17–18 Mar 2020,1035,–,30.0,14.0,10.0,7.0,9.0,23.0,7.0,7.0
179,Kantar,12–18 Mar 2020,1603,–,28.0,16.0,13.0,7.0,9.0,21.0,6.0,7.0
180,Allensbach,5–18 Mar 2020,1219,–,29.0,16.5,11.5,7.0,8.0,23.0,5.0,6.0
181,INSA,13–16 Mar 2020,2049,–,28.5,14.5,13.0,6.5,9.5,23.0,5.0,5.5
182,Forsa,9–13 Mar 2020,2503,22,29.0,14.0,11.0,6.0,10.0,22.0,8.0,7.0
183,Kantar,4–11 Mar 2020,1414,–,26.0,17.0,14.0,7.0,8.0,21.0,7.0,5.0
184,INSA,6–9 Mar 2020,2050,–,26.5,15.5,14.0,6.5,9.5,22.0,6.0,4.5
185,Forsa,2–6 Mar 2020,2503,27,26.0,15.0,11.0,6.0,10.0,24.0,8.0,2.0
186,Forschungsgruppe Wahlen,3–5 Mar 2020,1276,26,26.0,16.0,14.0,6.0,8.0,23.0,7.0,3.0
187,Infratest dimap,2–4 Mar 2020,1502,–,27.0,16.0,12.0,6.0,9.0,23.0,7.0,4.0
188,Kantar,27 Feb–4 Mar 2020,1423,–,24.0,17.0,14.0,7.0,9.0,22.0,7.0,2.0
189,YouGov,28 Feb–2 Mar 2020,1632,–,27.0,15.0,14.0,6.0,10.0,21.0,7.0,6.0
190,INSA,28 Feb–2 Mar 2020,2061,–,26.5,16.0,13.5,6.0,10.0,23.0,5.0,3.5
191,Forsa,24–28 Feb 2020,2505,25,27.0,16.0,10.0,5.0,10.0,24.0,8.0,3.0
192,Kantar,20–27 Feb 2020,1509,–,25.0,16.0,14.0,6.0,10.0,22.0,7.0,3.0
193,INSA,21–24 Feb 2020,2033,–,26.5,14.5,13.0,7.0,10.5,22.0,6.5,4.5
194,Forsa,17–21 Feb 2020,2504,–,27.0,14.0,10.0,7.0,10.0,24.0,8.0,3.0
195,Kantar,13–19 Feb 2020,1417,–,27.0,15.0,14.0,7.0,10.0,20.0,7.0,7.0
196,INSA,14–17 Feb 2020,2065,–,26.5,14.5,15.0,7.5,9.5,20.5,6.5,6.0
197,Forsa,10–14 Feb 2020,2502,20,27.0,14.0,11.0,6.0,10.0,24.0,8.0,3.0
198,Infratest dimap,11–13 Feb 2020,1007,–,26.0,16.0,14.0,7.0,9.0,22.0,6.0,4.0
199,Kantar,6–12 Feb 2020,1886,–,28.0,15.0,15.0,6.0,10.0,20.0,6.0,8.0
200,Allensbach,1–12 Feb 2020,1262,–,27.5,14.5,13.0,8.0,9.5,23.0,4.5,4.5
201,INSA,7–10 Feb 2020,2086,–,27.5,12.5,14.0,8.0,10.0,22.0,6.0,5.5
202,Forsa,3–7 Feb 2020,2504,–,28.0,14.0,10.0,8.0,9.0,23.0,8.0,5.0
203,Forschungsgruppe Wahlen,4–6 Feb 2020,1067,21,27.0,14.0,14.0,6.0,10.0,22.0,7.0,5.0
204,Infratest dimap,3–5 Feb 2020,1503,–,27.0,14.0,14.0,8.0,9.0,22.0,6.0,5.0
205,Kantar,30 Jan–5 Feb 2020,1889,–,28.0,15.0,15.0,8.0,9.0,20.0,5.0,8.0
206,INSA,31 Jan–3 Feb 2020,2059,–,28.0,13.0,14.0,9.0,8.0,22.0,6.0,6.0
207,Forsa,27–31 Jan 2020,2504,24,28.0,12.0,11.0,9.0,9.0,23.0,8.0,5.0
208,Kantar,23–29 Jan 2020,1442,–,27.0,15.0,14.0,8.0,9.0,21.0,6.0,6.0
209,INSA,24–27 Jan 2020,2081,–,27.0,14.0,15.0,9.0,8.5,20.5,6.0,6.5
210,Forsa,20–24 Jan 2020,2507,–,28.0,12.0,12.0,9.0,9.0,23.0,7.0,5.0
211,Infratest dimap,21–22 Jan 2020,1043,–,26.0,14.0,14.0,8.0,8.0,24.0,6.0,2.0
212,Kantar,16–22 Jan 2020,2100,–,26.0,14.0,15.0,9.0,10.0,21.0,5.0,5.0
213,Allensbach,9–22 Jan 2020,1273,–,28.5,14.0,13.0,8.0,8.0,23.5,5.0,5.0
214,INSA,17–20 Jan 2020,2122,–,27.5,13.0,15.0,8.5,9.5,21.0,5.5,6.5
215,Forsa,13–17 Jan 2020,2504,22,28.0,13.0,13.0,8.0,9.0,22.0,7.0,6.0
216,Forschungsgruppe Wahlen,13–15 Jan 2020,1282,23,27.0,14.0,14.0,7.0,9.0,23.0,6.0,4.0
217,Kantar,9–15 Jan 2020,2009,–,26.0,15.0,14.0,9.0,9.0,21.0,6.0,5.0
218,INSA,10–13 Jan 2020,2040,–,27.0,12.5,15.0,9.5,9.0,21.0,6.0,6.0
219,Forsa,6–10 Jan 2020,2503,23,28.0,12.0,13.0,9.0,8.0,22.0,8.0,6.0
220,Infratest dimap,7–8 Jan 2020,1506,–,27.0,13.0,14.0,9.0,8.0,23.0,6.0,4.0
221,Kantar,19 Dec 2019–8 Jan 2020,1829,–,27.0,14.0,14.0,9.0,9.0,21.0,6.0,6.0
222,INSA,3–6 Jan 2020,2048,–,29.0,13.0,14.0,9.0,8.5,21.5,5.0,7.5
223,GMS,27 Dec 2019–2 Jan 2020,1005,–,28.0,13.0,14.0,9.0,8.0,21.0,7.0,7.0
224,2017 federal election,24 Sep 2017,–,23.8,32.9,20.5,12.6,10.7,9.2,8.9,5.0,12.4
