,Polling firm,Fieldwork date,Samplesize,Abs.,Union,SPD,AfD,FDP,Linke,Grüne,Others,Lead
0,YouGov,25–27 Dec 2017,1489,–,33.0,21.0,13.0,9.0,10.0,10.0,4.0,12.0
1,INSA,21–22 Dec 2017,2203,–,33.0,20.5,13.0,10.5,10.0,9.5,3.5,12.5
2,Forsa,18–22 Dec 2017,2504,21,34.0,19.0,12.0,8.0,10.0,12.0,5.0,15.0
3,Emnid,14–20 Dec 2017,1861,–,33.0,21.0,12.0,8.0,10.0,11.0,5.0,12.0
4,INSA,15–18 Dec 2017,2031,–,31.0,21.0,14.0,9.0,11.0,10.0,4.0,10.0
5,Forsa,11–15 Dec 2017,2501,21,33.0,20.0,12.0,8.0,10.0,12.0,5.0,13.0
6,Allensbach,1–14 Dec 2017,1443,–,34.0,21.0,11.0,10.0,9.0,11.5,3.5,13.0
7,Infratest dimap,11–13 Dec 2017,1029,–,32.0,20.0,13.0,9.0,9.0,12.0,5.0,12.0
8,Emnid,7–13 Dec 2017,1865,–,32.0,22.0,13.0,8.0,9.0,11.0,5.0,10.0
9,INSA,8–11 Dec 2017,2013,–,31.0,22.0,13.5,9.0,10.5,10.5,3.5,9.0
10,Forsa,9–10 Dec 2017,1566,–,34.0,20.0,11.0,8.0,9.0,12.0,6.0,14.0
11,Forsa,4–8 Dec 2017,2500,22,34.0,20.0,11.0,8.0,9.0,12.0,6.0,14.0
12,Forschungsgruppe Wahlen,5–7 Dec 2017,1353,–,32.0,23.0,12.0,8.0,9.0,12.0,4.0,9.0
13,Infratest dimap,4–6 Dec 2017,1504,–,32.0,21.0,13.0,9.0,10.0,11.0,4.0,11.0
14,Emnid,30 Nov–6 Dec 2017,1880,–,33.0,21.0,12.0,9.0,10.0,11.0,4.0,12.0
15,Civey,30 Nov–5 Dec 2017,11936,–,31.5,20.4,11.3,11.9,9.2,11.0,4.7,11.1
16,INSA,1–4 Dec 2017,2063,–,31.0,22.0,13.0,10.0,11.0,10.0,3.0,9.0
17,GMS,28 Nov–1 Dec 2017,1010,–,32.0,21.0,13.0,10.0,10.0,10.0,4.0,11.0
18,Forsa,27 Nov–1 Dec 2017,2502,23,34.0,20.0,10.0,8.0,9.0,13.0,6.0,14.0
19,Emnid,23–29 Nov 2017,1888,–,33.0,21.0,12.0,9.0,10.0,10.0,5.0,12.0
20,YouGov,24–28 Nov 2017,1570,–,32.0,21.0,13.0,9.0,10.0,10.0,5.0,11.0
21,Civey,21–28 Nov 2017,10024,–,31.7,20.4,10.6,13.1,8.9,11.0,4.3,11.3
22,INSA,24–27 Nov 2017,2003,–,32.0,22.0,13.0,10.0,10.0,10.0,3.0,10.0
23,Allensbach,22–27 Nov 2017,1299,–,33.0,21.5,11.0,10.0,9.0,11.0,4.5,11.5
24,Forsa,20–24 Nov 2017,2508,24,33.0,19.0,11.0,10.0,9.0,12.0,6.0,14.0
25,Emnid,20–23 Nov 2017,1225,–,33.0,22.0,11.0,9.0,10.0,10.0,5.0,11.0
26,INSA,21–22 Nov 2017,1069,–,32.0,21.0,12.0,12.0,10.0,10.0,3.0,11.0
27,Civey,20–21 Nov 2017,5044,–,29.2,19.5,13.6,13.2,8.4,11.9,4.1,9.7
28,Forsa,20 Nov 2017,1789,–,31.0,21.0,12.0,10.0,9.0,12.0,5.0,10.0
29,Infratest dimap,20 Nov 2017,1011,–,32.0,22.0,11.0,10.0,10.0,11.0,4.0,10.0
30,INSA,20 Nov 2017,1034,–,30.0,21.0,14.0,11.0,11.0,10.0,3.0,9.0
31,INSA,17–19 Nov 2017,2027,–,31.0,21.0,14.0,10.0,11.5,9.5,3.0,10.0
32,Forsa,13–17 Nov 2017,2505,21,32.0,20.0,12.0,12.0,8.0,11.0,5.0,12.0
33,Forschungsgruppe Wahlen,14–16 Nov 2017,1303,–,33.0,21.0,11.0,10.0,9.0,12.0,4.0,12.0
34,Infratest dimap,10–15 Nov 2017,1382,–,31.0,21.0,12.0,11.0,10.0,11.0,4.0,10.0
35,Emnid,9–15 Nov 2017,1842,–,31.0,21.0,13.0,10.0,9.0,11.0,5.0,10.0
36,INSA,10–13 Nov 2017,2049,–,32.0,20.0,13.5,10.5,10.5,9.0,4.5,12.0
37,Forsa,6–10 Nov 2017,2506,21,32.0,20.0,12.0,12.0,9.0,10.0,5.0,12.0
38,Infratest dimap,6–8 Nov 2017,1505,–,30.0,21.0,13.0,12.0,9.0,11.0,4.0,9.0
39,Emnid,2–8 Nov 2017,1392,–,30.0,22.0,13.0,11.0,10.0,10.0,4.0,8.0
40,INSA,3–6 Nov 2017,2023,–,31.0,22.0,13.5,10.5,10.5,8.5,4.0,9.0
41,Civey,27 Oct–6 Nov 2017,10012,–,31.0,20.4,13.7,11.0,9.4,10.2,4.3,10.6
42,Forsa,30 Oct–3 Nov 2017,2005,22,32.0,21.0,12.0,11.0,9.0,10.0,5.0,11.0
43,Emnid,26–30 Oct 2017,1476,–,31.0,21.0,12.0,10.0,10.0,11.0,5.0,10.0
44,INSA,27–28 Oct 2017,1024,–,31.0,21.0,13.0,11.0,10.0,10.0,4.0,10.0
45,Forsa,23–27 Oct 2017,2500,23,33.0,20.0,11.0,11.0,9.0,11.0,5.0,13.0
46,Forschungsgruppe Wahlen,24–26 Oct 2017,1325,–,33.0,21.0,12.0,10.0,9.0,11.0,4.0,12.0
47,Emnid,19–25 Oct 2017,2296,–,31.0,22.0,12.0,11.0,9.0,10.0,5.0,9.0
48,INSA,23 Oct 2017,1002,–,33.0,21.0,13.0,10.0,10.0,9.0,4.0,12.0
49,Forsa,16–20 Oct 2017,2503,25,31.0,22.0,11.0,11.0,10.0,10.0,5.0,9.0
50,Allensbach,7–19 Oct 2017,1454,–,33.0,20.5,12.0,12.0,9.0,9.5,4.0,12.5
51,Infratest dimap,16–18 Oct 2017,1026,–,31.0,21.0,12.0,12.0,9.0,11.0,4.0,10.0
52,Emnid,12–18 Oct 2017,2304,–,32.0,21.0,12.0,11.0,9.0,10.0,5.0,11.0
53,GMS,12–18 Oct 2017,1005,–,31.0,21.0,13.0,12.0,10.0,9.0,4.0,10.0
54,INSA,13–16 Oct 2017,2011,–,32.0,21.5,13.0,10.0,9.0,9.5,5.0,10.5
55,Forsa,9–13 Oct 2017,2501,25,32.0,20.0,12.0,11.0,9.0,11.0,5.0,12.0
56,Forschungsgruppe Wahlen,10–12 Oct 2017,1180,–,31.0,21.0,12.0,11.0,10.0,11.0,4.0,10.0
57,Infratest dimap,9–11 Oct 2017,1506,–,32.0,20.0,11.0,11.0,10.0,10.0,6.0,12.0
58,Emnid,5–11 Oct 2017,1960,–,31.0,21.0,12.0,11.0,10.0,10.0,5.0,10.0
59,INSA,6–9 Oct 2017,2015,–,32.0,22.0,13.0,11.0,9.0,9.0,4.0,10.0
60,Forsa,2–6 Oct 2017,2001,24,32.0,20.0,12.0,11.0,9.0,11.0,5.0,12.0
61,Emnid,28 Sep–4 Oct 2017,1490,–,32.0,22.0,12.0,10.0,10.0,9.0,5.0,10.0
62,Forsa,25–29 Sep 2017,2005,25,32.0,20.0,12.0,11.0,10.0,10.0,5.0,12.0
63,INSA,27–28 Sep 2017,1071,–,31.0,21.0,13.0,12.0,9.0,10.0,4.0,10.0
64,Forschungsgruppe Wahlen,26–28 Sep 2017,1425,–,32.0,21.0,12.0,10.0,10.0,11.0,4.0,11.0
65,Emnid,25–27 Sep 2017,1038,–,33.0,21.0,12.0,11.0,10.0,10.0,3.0,12.0
66,2017 federal election,24 Sep 2017,–,23.8,32.9,20.5,12.6,10.7,9.2,8.9,5.0,12.4
