,Polling firm,Fieldwork date,Samplesize,Abs.,Union,SPD,AfD,FDP,Linke,Grüne,Others,Lead
0,YouGov,21–27 Dec 2018,1665,–,30.0,16.0,14.0,8.0,10.0,18.0,4.0,12.0
1,INSA,20–21 Dec 2018,1029,–,29.0,14.0,15.0,9.0,9.0,19.0,5.0,10.0
2,Forsa,17–21 Dec 2018,2504,24,31.0,14.0,13.0,8.0,8.0,20.0,6.0,11.0
3,Emnid,13–19 Dec 2018,1889,–,29.0,15.0,14.0,9.0,9.0,19.0,5.0,10.0
4,INSA,14–17 Dec 2018,2077,–,29.0,15.0,15.0,9.5,9.5,18.0,4.0,11.0
5,Forsa,10–14 Dec 2018,2507,24,32.0,15.0,12.0,8.0,8.0,19.0,6.0,13.0
6,Forschungsgruppe Wahlen,11–13 Dec 2018,1268,–,30.0,15.0,15.0,7.0,9.0,19.0,5.0,11.0
7,Infratest dimap,11–12 Dec 2018,1048,–,31.0,15.0,13.0,8.0,8.0,20.0,5.0,11.0
8,Emnid,6–12 Dec 2018,1997,–,30.0,15.0,14.0,8.0,8.0,20.0,5.0,10.0
9,GMS,6–12 Dec 2018,1005,–,30.0,14.0,15.0,9.0,9.0,19.0,4.0,11.0
10,Allensbach,1–12 Dec 2018,1295,–,29.0,16.5,14.0,8.5,9.0,19.0,4.0,10.0
11,INSA,8–10 Dec 2018,2047,–,29.0,15.0,15.0,10.0,10.0,17.0,4.0,12.0
12,Forsa,7–9 Dec 2018,1506,22,32.0,14.0,13.0,8.0,8.0,19.0,6.0,13.0
13,Forsa,3–6 Dec 2018,2006,?,29.0,14.0,13.0,8.0,8.0,22.0,6.0,7.0
14,Infratest dimap,3–5 Dec 2018,1502,–,30.0,14.0,14.0,8.0,8.0,20.0,6.0,10.0
15,Emnid,29 Nov–5 Dec 2018,2469,–,29.0,15.0,14.0,9.0,9.0,19.0,5.0,10.0
16,INSA,30 Nov–3 Dec 2018,2069,–,27.5,13.5,16.0,9.5,11.0,18.0,4.5,9.5
17,Civey,24 Nov–3 Dec 2018,10041,–,26.5,15.0,15.9,9.5,9.4,19.9,3.8,6.6
18,Forsa,26–30 Nov 2018,2505,24,27.0,14.0,14.0,9.0,8.0,22.0,6.0,5.0
19,Infratest dimap,27–28 Nov 2018,1052,–,28.0,14.0,15.0,9.0,8.0,21.0,5.0,7.0
20,Emnid,22–28 Nov 2018,1531,–,28.0,15.0,15.0,9.0,9.0,19.0,5.0,9.0
21,YouGov,23–27 Nov 2018,1580,–,27.0,15.0,14.0,9.0,10.0,21.0,4.0,6.0
22,INSA,23–26 Nov 2018,2062,–,27.5,14.0,16.0,8.5,10.0,19.0,5.0,8.5
23,Forsa,19–23 Nov 2018,2507,21,27.0,14.0,14.0,9.0,8.0,23.0,5.0,4.0
24,Forschungsgruppe Wahlen,20–22 Nov 2018,1336,–,27.0,14.0,16.0,8.0,9.0,22.0,4.0,5.0
25,Emnid,15–21 Nov 2018,2361,–,26.0,15.0,15.0,9.0,9.0,21.0,5.0,5.0
26,INSA,16–19 Nov 2018,2047,–,25.5,14.5,15.5,9.5,10.0,20.0,5.0,5.5
27,Forsa,12–16 Nov 2018,2503,24,28.0,14.0,12.0,9.0,9.0,23.0,5.0,5.0
28,Allensbach,2–15 Nov 2018,1242,–,28.0,17.0,13.5,9.5,9.0,19.0,4.0,9.0
29,Infratest dimap,12–14 Nov 2018,1506,–,26.0,14.0,14.0,8.0,9.0,23.0,6.0,3.0
30,Emnid,8–14 Nov 2018,1987,–,26.0,15.0,15.0,8.0,9.0,21.0,6.0,5.0
31,INSA,9–12 Nov 2018,2070,–,25.5,14.0,16.5,9.0,10.0,20.0,5.0,5.5
32,Forsa,5–9 Nov 2018,2504,23,27.0,14.0,13.0,9.0,9.0,23.0,5.0,4.0
33,Forschungsgruppe Wahlen,6–8 Nov 2018,1200,–,27.0,14.0,14.0,9.0,9.0,22.0,5.0,5.0
34,Emnid,5–7 Nov 2018,1518,–,25.0,15.0,15.0,8.0,9.0,22.0,6.0,3.0
35,INSA,2–5 Nov 2018,3138,–,24.5,13.5,16.5,10.0,11.0,19.0,5.5,5.5
36,Civey,29 Oct–5 Nov 2018,10005,–,28.6,15.4,13.0,9.6,9.3,19.4,4.7,9.2
37,YouGov,28 Oct–4 Nov 2018,1542,–,25.0,14.0,16.0,10.0,10.0,21.0,4.0,4.0
38,Forsa,29 Oct–2 Nov 2018,2502,24,27.0,13.0,13.0,9.0,9.0,24.0,5.0,3.0
39,Emnid,25–31 Oct 2018,1815,–,25.0,14.0,15.0,9.0,10.0,21.0,6.0,4.0
40,INSA,26–29 Oct 2018,2052,–,25.0,14.0,16.5,9.5,11.0,20.0,4.0,5.0
41,Forsa,22–26 Oct 2018,2509,?,26.0,14.0,14.0,9.0,10.0,21.0,6.0,5.0
42,Emnid,18–24 Oct 2018,1905,–,24.0,15.0,16.0,10.0,10.0,20.0,5.0,4.0
43,INSA,19–22 Oct 2018,2061,–,26.0,15.0,17.0,9.0,10.5,19.0,3.5,7.0
44,Forsa,15–19 Oct 2018,2502,26,27.0,14.0,15.0,9.0,9.0,21.0,5.0,6.0
45,Forschungsgruppe Wahlen,16–18 Oct 2018,1117,–,27.0,14.0,16.0,8.0,10.0,20.0,5.0,7.0
46,Infratest dimap,16–17 Oct 2018,1040,–,25.0,14.0,16.0,11.0,9.0,19.0,6.0,6.0
47,Emnid,11–17 Oct 2018,1609,–,25.0,15.0,15.0,10.0,10.0,19.0,6.0,6.0
48,INSA,12–15 Oct 2018,2061,–,26.5,15.0,18.0,9.5,10.5,17.0,3.5,8.5
49,Forsa,8–12 Oct 2018,2504,29,28.0,16.0,14.0,9.0,9.0,19.0,5.0,9.0
50,Allensbach,28 Sep–11 Oct 2018,1259,–,29.0,19.0,15.0,8.5,9.0,15.0,4.5,10.0
51,Infratest dimap,8–10 Oct 2018,1508,–,26.0,15.0,16.0,10.0,10.0,17.0,6.0,9.0
52,Emnid,4–10 Oct 2018,1899,–,26.0,17.0,15.0,9.0,11.0,17.0,5.0,9.0
53,GMS,4–10 Oct 2018,1007,–,27.0,15.0,18.0,10.0,10.0,16.0,4.0,9.0
54,INSA,5–8 Oct 2018,2054,–,26.0,16.0,18.0,10.0,11.0,15.0,4.0,8.0
55,Forsa,1–5 Oct 2018,2002,29,28.0,16.0,14.0,9.0,10.0,18.0,5.0,10.0
56,Emnid,27 Sep–2 Oct 2018,1515,–,27.0,17.0,16.0,9.0,10.0,16.0,5.0,10.0
57,INSA,28 Sep–1 Oct 2018,2041,–,26.0,16.0,18.5,10.0,11.5,14.5,3.5,7.5
58,Civey,24 Sep–1 Oct 2018,11904,–,26.7,16.8,16.8,8.6,10.4,15.7,5.0,9.9
59,Forsa,24–28 Sep 2018,2501,31,28.0,16.0,15.0,9.0,10.0,17.0,5.0,11.0
60,Forschungsgruppe Wahlen,25–27 Sep 2018,1260,–,28.0,17.0,16.0,8.0,10.0,17.0,4.0,11.0
61,Emnid,20–26 Sep 2018,1902,–,27.0,16.0,17.0,10.0,11.0,15.0,4.0,10.0
62,GMS,20–26 Sep 2018,1005,–,27.0,16.0,18.0,9.0,10.0,15.0,5.0,9.0
63,YouGov,21–25 Sep 2018,1504,–,27.0,17.0,18.0,9.0,11.0,14.0,4.0,9.0
64,INSA,21–24 Sep 2018,2051,–,27.0,16.0,18.0,10.0,11.5,14.5,3.0,9.0
65,Forsa,17–21 Sep 2018,2502,31,28.0,17.0,15.0,9.0,10.0,16.0,5.0,11.0
66,INSA,19 Sep 2018,1040,–,27.5,16.5,17.5,10.0,11.0,14.5,3.0,10.0
67,Infratest dimap,17–19 Sep 2018,1035,–,28.0,17.0,18.0,9.0,10.0,15.0,3.0,10.0
68,Emnid,13–19 Sep 2018,2368,–,28.0,17.0,16.0,9.0,11.0,14.0,5.0,11.0
69,INSA,14–17 Sep 2018,2054,–,28.5,17.0,17.5,9.0,10.5,13.0,4.5,11.0
70,Forsa,10–14 Sep 2018,2507,25,30.0,18.0,13.0,8.0,10.0,16.0,5.0,12.0
71,Forschungsgruppe Wahlen,11–13 Sep 2018,1339,–,30.0,20.0,15.0,7.0,8.0,16.0,4.0,10.0
72,Allensbach,1–13 Sep 2018,1258,–,31.5,19.5,15.0,8.5,9.0,12.5,4.0,12.0
73,Emnid,6–12 Sep 2018,1978,–,30.0,18.0,15.0,9.0,10.0,13.0,5.0,12.0
74,INSA,7–10 Sep 2018,2042,–,28.0,17.0,17.5,9.0,10.5,13.5,4.5,10.5
75,GMS,4–10 Sep 2018,1003,–,29.0,17.0,16.0,9.0,9.0,14.0,6.0,12.0
76,Forsa,3–7 Sep 2018,2507,27,31.0,16.0,14.0,9.0,10.0,15.0,5.0,15.0
77,Infratest dimap,3–5 Sep 2018,1502,–,29.0,18.0,16.0,8.0,10.0,14.0,5.0,11.0
78,Emnid,30 Aug–5 Sep 2018,2472,–,29.0,17.0,15.0,9.0,10.0,14.0,6.0,12.0
79,INSA,31 Aug–3 Sep 2018,2069,–,28.5,16.0,17.0,9.5,10.0,13.5,5.5,11.5
80,Forsa,27–31 Aug 2018,2503,26,30.0,17.0,16.0,8.0,8.0,16.0,5.0,13.0
81,Forschungsgruppe Wahlen,28–30 Aug 2018,1216,–,31.0,18.0,17.0,8.0,8.0,14.0,4.0,13.0
82,Emnid,23–29 Aug 2018,2390,–,30.0,19.0,15.0,9.0,9.0,14.0,4.0,11.0
83,YouGov,24–28 Aug 2018,1538,–,28.0,17.0,17.0,9.0,11.0,13.0,5.0,11.0
84,INSA,24–27 Aug 2018,2079,–,28.0,16.5,16.5,10.0,10.5,13.5,5.0,11.5
85,Forsa,20–24 Aug 2018,2502,26,30.0,18.0,14.0,8.0,10.0,15.0,5.0,12.0
86,Infratest dimap,20–22 Aug 2018,1047,–,29.0,18.0,17.0,8.0,9.0,14.0,5.0,11.0
87,Emnid,16–22 Aug 2018,1891,–,30.0,18.0,14.0,9.0,9.0,15.0,5.0,12.0
88,INSA,16–20 Aug 2018,3129,–,28.0,16.5,16.0,10.0,12.0,13.5,4.0,11.5
89,Forsa,13–17 Aug 2018,2503,26,30.0,18.0,14.0,9.0,10.0,15.0,4.0,12.0
90,Emnid,9–15 Aug 2018,2942,–,30.0,17.0,15.0,9.0,9.0,15.0,5.0,13.0
91,INSA,10–13 Aug 2018,2034,–,29.0,17.5,17.0,9.5,11.0,12.5,3.5,11.5
92,Forsa,6–10 Aug 2018,2505,26,30.0,18.0,14.0,10.0,9.0,15.0,4.0,12.0
93,Forschungsgruppe Wahlen,7–9 Aug 2018,1294,–,31.0,18.0,16.0,8.0,9.0,15.0,3.0,13.0
94,Allensbach,27 Jul–9 Aug 2018,1295,–,31.0,20.0,14.5,9.0,9.0,12.5,4.0,11.0
95,Emnid,2–8 Aug 2018,2502,–,31.0,17.0,14.0,8.0,10.0,15.0,5.0,14.0
96,Civey,31 Jul–7 Aug 2018,11907,–,30.1,17.4,15.8,7.8,9.8,14.0,5.1,12.7
97,INSA,3–6 Aug 2018,2096,–,30.0,17.0,17.0,8.5,11.0,12.5,4.0,13.0
98,Forsa,30 Jul–3 Aug 2018,2508,26,31.0,18.0,14.0,10.0,9.0,13.0,5.0,13.0
99,Infratest dimap,30 Jul–1 Aug 2018,1508,–,29.0,18.0,17.0,7.0,9.0,15.0,5.0,11.0
100,Emnid,26 Jul–1 Aug 2018,2478,–,30.0,18.0,15.0,8.0,9.0,15.0,5.0,12.0
101,GMS,25–31 Jul 2018,1005,–,30.0,17.0,16.0,10.0,10.0,13.0,4.0,13.0
102,INSA,27–30 Jul 2018,2074,–,29.0,18.0,17.5,9.0,10.5,12.0,4.0,11.0
103,Forsa,23–27 Jul 2018,2505,25,32.0,18.0,14.0,9.0,9.0,13.0,5.0,14.0
104,Infratest dimap,24–25 Jul 2018,1047,–,30.0,18.0,16.0,8.0,8.0,15.0,5.0,12.0
105,Emnid,19–25 Jul 2018,2001,–,29.0,18.0,15.0,9.0,10.0,14.0,5.0,11.0
106,YouGov,20–24 Jul 2018,1520,–,30.0,17.0,17.0,9.0,11.0,12.0,4.0,13.0
107,INSA,20–23 Jul 2018,2056,–,29.0,18.0,17.5,9.0,10.5,12.0,4.0,11.0
108,Forsa,16–20 Jul 2018,2505,25,31.0,18.0,15.0,8.0,10.0,13.0,5.0,13.0
109,Emnid,12–18 Jul 2018,2476,–,30.0,19.0,15.0,9.0,10.0,12.0,5.0,11.0
110,INSA,13–16 Jul 2018,2084,–,29.0,17.0,17.5,9.5,10.0,13.0,4.0,11.5
111,Forsa,9–13 Jul 2018,2505,24,31.0,17.0,16.0,9.0,9.0,13.0,5.0,14.0
112,Forschungsgruppe Wahlen,9–12 Jul 2018,1340,–,31.0,18.0,15.0,7.0,11.0,14.0,4.0,13.0
113,Emnid,5–11 Jul 2018,2368,–,30.0,18.0,16.0,9.0,10.0,12.0,5.0,12.0
114,Allensbach,1–12 Jul 2018,1295,–,30.5,20.0,15.0,9.5,9.0,12.0,4.0,10.5
115,GMS,5–11 Jul 2018,1006,–,30.0,17.0,17.0,9.0,10.0,12.0,5.0,13.0
116,INSA,6–9 Jul 2018,2061,–,29.0,17.0,17.5,9.5,11.0,12.0,4.0,11.5
117,Forsa,2–6 Jul 2018,2502,24,30.0,17.0,16.0,10.0,9.0,13.0,5.0,13.0
118,Infratest dimap,3–4 Jul 2018,1505,–,30.0,18.0,16.0,8.0,9.0,14.0,5.0,12.0
119,Emnid,28 Jun–4 Jul 2018,1894,–,30.0,17.0,17.0,9.0,9.0,12.0,6.0,13.0
120,INSA,29 Jun–2 Jul 2018,2089,–,29.0,19.0,16.5,9.0,11.0,12.0,3.5,10.0
121,Forsa,25–29 Jun 2018,2508,24,31.0,17.0,15.0,10.0,10.0,12.0,5.0,14.0
122,Forschungsgruppe Wahlen,25–28 Jun 2018,1290,–,32.0,18.0,14.0,9.0,10.0,14.0,3.0,14.0
123,Emnid,21–28 Jun 2018,1954,–,32.0,19.0,14.0,9.0,9.0,12.0,5.0,13.0
124,Infratest dimap,25–26 Jun 2018,1025,–,32.0,19.0,14.0,8.0,9.0,13.0,5.0,13.0
125,YouGov,22–26 Jun 2018,1525,–,30.0,17.0,16.0,10.0,11.0,12.0,4.0,13.0
126,Civey,19–26 Jun 2018,10033,–,29.8,17.7,16.1,8.7,10.1,12.7,4.9,12.1
127,INSA,22–25 Jun 2018,2036,–,29.0,19.5,16.0,9.0,11.0,11.0,4.5,9.5
128,Forsa,18–22 Jun 2018,2503,24,30.0,17.0,15.0,9.0,10.0,13.0,6.0,13.0
129,Emnid,14–20 Jun 2018,2336,–,31.0,18.0,16.0,9.0,10.0,12.0,4.0,13.0
130,INSA,15–18 Jun 2018,2060,–,29.0,19.0,16.0,8.0,12.0,11.0,5.0,10.0
131,Forsa,14–15 Jun 2018,1001,26,30.0,16.0,15.0,10.0,9.0,14.0,6.0,14.0
132,Forsa,11–13 Jun 2018,1501,23,34.0,18.0,13.0,9.0,8.0,12.0,6.0,16.0
133,Infratest dimap,11–13 Jun 2018,1506,–,31.0,18.0,15.0,8.0,10.0,13.0,5.0,13.0
134,Emnid,7–13 Jun 2018,2310,–,33.0,18.0,15.0,8.0,11.0,11.0,4.0,15.0
135,Allensbach,1–13 Jun 2018,1279,–,33.0,21.0,13.0,9.5,9.5,11.0,3.0,12.0
136,INSA,8–11 Jun 2018,2038,–,31.0,17.0,16.0,8.0,12.0,11.0,5.0,14.0
137,Forsa,4–8 Jun 2018,2504,23,33.0,18.0,13.0,9.0,10.0,12.0,5.0,15.0
138,Forschungsgruppe Wahlen,5–7 Jun 2018,1284,–,33.0,20.0,13.0,8.0,10.0,13.0,3.0,13.0
139,Emnid,30 May–6 Jun 2018,1950,–,32.0,19.0,14.0,8.0,11.0,12.0,4.0,13.0
140,INSA,1–4 Jun 2018,2067,–,32.0,17.0,16.0,8.0,11.5,11.0,4.5,15.0
141,Forsa,28 May–1 Jun 2018,2506,25,34.0,18.0,13.0,8.0,10.0,12.0,5.0,16.0
142,YouGov,25–29 May 2018,1556,–,33.0,17.0,16.0,9.0,11.0,11.0,3.0,16.0
143,Emnid,24–29 May 2018,1397,–,32.0,18.0,15.0,7.0,11.0,13.0,4.0,14.0
144,Civey,22–29 May 2018,11925,–,32.2,16.6,15.2,9.2,10.2,12.0,4.6,15.6
145,INSA,25–28 May 2018,2062,–,32.0,17.0,15.5,8.0,12.0,11.5,4.0,15.0
146,Forsa,22–25 May 2018,2002,24,33.0,18.0,13.0,8.0,10.0,13.0,5.0,15.0
147,Emnid,17–23 May 2018,1946,–,33.0,17.0,14.0,8.0,11.0,13.0,4.0,16.0
148,INSA,18–22 May 2018,2044,–,32.5,16.5,15.5,8.0,11.0,11.5,5.0,16.0
149,Forsa,14–18 May 2018,2502,23,33.0,18.0,13.0,9.0,9.0,12.0,6.0,15.0
150,Forschungsgruppe Wahlen,15–17 May 2018,1200,–,34.0,20.0,14.0,8.0,9.0,12.0,3.0,14.0
151,Infratest dimap,14–16 May 2018,1009,–,33.0,17.0,14.0,8.0,10.0,13.0,5.0,16.0
152,GMS,11–16 May 2018,1003,–,34.0,16.0,14.0,9.0,10.0,12.0,5.0,18.0
153,Emnid,9–16 May 2018,2030,–,33.0,17.0,14.0,9.0,10.0,13.0,4.0,16.0
154,INSA,11–14 May 2018,2098,–,32.5,17.0,15.5,8.0,11.0,11.5,4.5,15.5
155,Forsa,7–11 May 2018,2004,23,34.0,17.0,13.0,8.0,10.0,13.0,5.0,17.0
156,Infratest dimap,7–8 May 2018,1507,–,32.0,18.0,15.0,8.0,9.0,13.0,5.0,14.0
157,Emnid,3–8 May 2018,1489,–,33.0,17.0,14.0,9.0,10.0,12.0,5.0,16.0
158,Allensbach,24 Apr–8 May 2018,1253,–,34.0,20.0,11.5,9.0,10.0,11.0,4.5,14.0
159,INSA,4–7 May 2018,2065,–,32.5,17.0,15.5,8.5,10.5,11.5,4.5,15.5
160,Forsa,30 Apr–4 May 2018,2003,21,34.0,18.0,13.0,9.0,10.0,11.0,5.0,16.0
161,Emnid,26 Apr–2 May 2018,1507,–,34.0,17.0,14.0,8.0,10.0,12.0,5.0,17.0
162,INSA,27–30 Apr 2018,2097,–,33.0,17.0,15.5,9.0,10.5,11.5,3.5,16.0
163,Forsa,23–27 Apr 2018,2507,22,34.0,17.0,12.0,9.0,10.0,13.0,5.0,17.0
164,Forschungsgruppe Wahlen,24–26 Apr 2018,1285,–,34.0,20.0,13.0,7.0,10.0,13.0,3.0,14.0
165,GMS,20–26 Apr 2018,1005,–,33.0,17.0,13.0,9.0,11.0,12.0,5.0,16.0
166,Emnid,19–25 Apr 2018,2350,–,32.0,18.0,14.0,9.0,11.0,12.0,4.0,14.0
167,YouGov,20–24 Apr 2018,1573,–,32.0,18.0,15.0,9.0,10.0,12.0,4.0,15.0
168,INSA,20–23 Apr 2018,2091,–,31.5,18.0,15.5,9.5,10.5,12.0,3.0,13.5
169,Forsa,16–20 Apr 2018,2503,22,34.0,18.0,12.0,9.0,10.0,13.0,4.0,16.0
170,Infratest dimap,16–18 Apr 2018,1039,–,32.0,17.0,15.0,10.0,10.0,12.0,4.0,15.0
171,Emnid,12–18 Apr 2018,2437,–,33.0,18.0,13.0,9.0,11.0,12.0,4.0,15.0
172,Allensbach,3–17 Apr 2018,1279,–,34.0,20.5,12.0,10.0,9.0,11.0,3.5,13.5
173,INSA,13–16 Apr 2018,2054,–,31.5,18.5,15.0,9.0,11.0,11.5,3.5,13.0
174,Forsa,9–13 Apr 2018,2506,23,34.0,19.0,12.0,9.0,10.0,12.0,4.0,15.0
175,Forschungsgruppe Wahlen,10–12 Apr 2018,1159,–,33.0,19.0,13.0,8.0,9.0,14.0,4.0,14.0
176,Emnid,5–11 Apr 2018,1786,–,33.0,18.0,14.0,9.0,11.0,11.0,4.0,15.0
177,INSA,6–9 Apr 2018,2048,–,31.5,17.5,15.5,9.0,12.0,11.5,3.0,14.0
178,Forsa,3–6 Apr 2018,2005,23,32.0,20.0,13.0,9.0,10.0,11.0,5.0,12.0
179,Emnid,29 Mar–5 Apr 2018,1414,–,34.0,17.0,13.0,8.0,11.0,12.0,5.0,17.0
180,Infratest dimap,3–4 Apr 2018,1503,–,33.0,18.0,14.0,9.0,10.0,12.0,4.0,15.0
181,pollytix,23 Mar–4 Apr 2018,1386,–,30.0,19.0,15.0,10.0,11.0,10.0,5.0,11.0
182,INSA,29–31 Mar 2018,1074,–,32.0,18.0,15.0,10.0,12.0,10.0,3.0,14.0
183,Forsa,26–29 Mar 2018,2003,23,33.0,18.0,13.0,9.0,10.0,12.0,5.0,15.0
184,Emnid,22–28 Mar 2018,1982,–,34.0,18.0,12.0,8.0,11.0,12.0,5.0,16.0
185,YouGov,23–27 Mar 2018,1579,–,34.0,17.0,15.0,8.0,11.0,11.0,4.0,17.0
186,Civey,20–27 Mar 2018,11868,–,31.2,17.2,15.4,9.3,10.5,11.9,4.5,14.0
187,INSA,23–26 Mar 2018,2051,–,32.5,17.0,15.0,10.0,12.0,10.5,3.0,15.5
188,Forsa,19–23 Mar 2018,2502,23,31.0,19.0,14.0,9.0,11.0,12.0,4.0,12.0
189,Infratest dimap,20–21 Mar 2018,1038,–,33.0,19.0,13.0,9.0,10.0,12.0,4.0,14.0
190,GMS,16–21 Mar 2018,1003,–,33.0,18.0,13.0,10.0,10.0,11.0,5.0,15.0
191,Emnid,15–21 Mar 2018,1972,–,34.0,18.0,13.0,9.0,10.0,12.0,4.0,16.0
192,INSA,16–19 Mar 2018,2066,–,32.0,17.5,15.0,10.0,12.0,10.5,3.0,14.5
193,Forsa,12–16 Mar 2018,2502,25,34.0,19.0,13.0,8.0,10.0,11.0,5.0,15.0
194,Forschungsgruppe Wahlen,13–15 Mar 2018,1214,–,32.0,19.0,13.0,9.0,11.0,12.0,4.0,13.0
195,Allensbach,2–15 Mar 2018,1256,–,34.0,19.0,12.5,10.0,10.0,11.0,3.5,15.0
196,Emnid,8–14 Mar 2018,1959,–,33.0,19.0,14.0,9.0,10.0,11.0,4.0,14.0
197,INSA,9–12 Mar 2018,2033,–,32.0,17.5,15.0,9.5,12.0,11.0,3.0,14.5
198,Forsa,5–9 Mar 2018,2507,24,34.0,18.0,12.0,9.0,10.0,13.0,4.0,16.0
199,Emnid,1–7 Mar 2018,1869,–,33.0,19.0,13.0,8.0,10.0,12.0,5.0,14.0
200,INSA,5 Mar 2018,1052,–,33.0,15.0,15.0,10.0,12.0,12.0,3.0,18.0
201,Forsa,4–5 Mar 2018,1502,26,34.0,19.0,13.0,9.0,9.0,12.0,4.0,15.0
202,Forsa,26 Feb–2 Mar 2018,2505,25,35.0,18.0,13.0,9.0,9.0,12.0,4.0,17.0
203,Infratest dimap,26–28 Feb 2018,1502,–,34.0,18.0,15.0,9.0,9.0,11.0,4.0,16.0
204,YouGov,26–28 Feb 2018,1585,–,32.0,16.0,16.0,8.0,12.0,12.0,4.0,16.0
205,Emnid,22–28 Feb 2018,1890,–,33.0,16.0,15.0,9.0,11.0,12.0,4.0,17.0
206,Civey,20–27 Feb 2018,11878,–,33.7,18.1,12.1,8.1,10.4,12.6,5.0,15.6
207,INSA,23–26 Feb 2018,1063,–,32.5,15.5,16.0,9.0,12.0,12.0,3.0,16.5
208,Forsa,19–23 Feb 2018,2506,25,35.0,18.0,13.0,9.0,9.0,12.0,4.0,17.0
209,Forschungsgruppe Wahlen,20–22 Feb 2018,1360,–,33.0,17.0,14.0,8.0,11.0,12.0,5.0,16.0
210,Infratest dimap,20–21 Feb 2018,1052,–,34.0,17.0,14.0,9.0,10.0,12.0,4.0,17.0
211,Emnid,15–21 Feb 2018,1985,–,33.0,17.0,15.0,10.0,11.0,11.0,3.0,16.0
212,Civey,13–20 Feb 2018,11909,–,32.2,16.5,14.6,9.4,10.0,12.5,4.8,15.7
213,INSA,16–19 Feb 2018,2040,–,32.0,15.5,16.0,9.0,11.0,13.0,3.5,16.0
214,Forsa,12–16 Feb 2018,2501,24,34.0,16.0,13.0,9.0,10.0,13.0,5.0,18.0
215,Infratest dimap,13–15 Feb 2018,1001,–,33.0,16.0,15.0,9.0,11.0,13.0,3.0,17.0
216,Allensbach,2–15 Feb 2018,1271,–,32.0,17.5,13.0,11.0,9.5,12.0,5.0,14.5
217,Emnid,8–14 Feb 2018,1478,–,33.0,19.0,14.0,9.0,10.0,11.0,4.0,14.0
218,Civey,9–13 Feb 2018,11841,–,33.3,16.4,13.2,9.3,10.2,12.8,4.8,16.9
219,INSA,9–12 Feb 2018,2608,–,29.5,16.5,15.0,10.5,11.5,13.0,4.0,13.0
220,Forsa,5–9 Feb 2018,?,?,31.0,17.0,13.0,10.0,10.0,13.0,5.0,14.0
221,Forsa,7–8 Feb 2018,1003,–,31.0,18.0,13.0,10.0,10.0,13.0,5.0,13.0
222,Emnid,1–7 Feb 2018,1226,–,34.0,20.0,12.0,9.0,9.0,11.0,5.0,14.0
223,GMS,1–7 Feb 2018,1007,–,32.0,18.0,14.0,9.0,9.0,13.0,5.0,14.0
224,INSA,2–5 Feb 2018,2034,–,30.5,17.0,15.0,10.0,11.0,12.5,4.0,13.5
225,Forsa,29 Jan–2 Feb 2018,2507,24,33.0,18.0,13.0,9.0,9.0,13.0,5.0,15.0
226,Forschungsgruppe Wahlen,30 Jan–1 Feb 2018,1302,–,31.0,19.0,14.0,7.0,11.0,14.0,4.0,12.0
227,Infratest dimap,29–31 Jan 2018,1502,–,33.0,18.0,14.0,10.0,11.0,11.0,3.0,15.0
228,Emnid,25–31 Jan 2018,1247,–,33.0,20.0,13.0,9.0,10.0,11.0,4.0,13.0
229,INSA,26–29 Jan 2018,2073,–,33.5,17.5,14.0,9.0,11.0,11.0,4.0,16.0
230,Forsa,22–26 Jan 2018,2505,25,34.0,18.0,12.0,9.0,10.0,12.0,5.0,16.0
231,Infratest dimap,22–24 Jan 2018,1043,–,33.0,19.0,12.0,10.0,10.0,11.0,5.0,14.0
232,Emnid,18–24 Jan 2018,1513,–,34.0,20.0,12.0,8.0,10.0,11.0,5.0,14.0
233,YouGov,19–23 Jan 2018,1566,–,34.0,19.0,14.0,8.0,11.0,10.0,4.0,15.0
234,Forsa,22 Jan 2018,1282,–,34.0,17.0,13.0,8.0,11.0,12.0,5.0,17.0
235,INSA,22 Jan 2018,1169,–,31.5,18.0,14.0,10.0,11.0,10.0,5.5,13.5
236,Forsa,15–19 Jan 2018,2501,23,34.0,18.0,12.0,8.0,10.0,12.0,6.0,16.0
237,Forschungsgruppe Wahlen,16–18 Jan 2018,1332,–,33.0,20.0,12.0,8.0,10.0,12.0,5.0,13.0
238,Allensbach,5–18 Jan 2018,1221,–,34.0,21.0,12.0,10.0,8.5,10.5,4.0,13.0
239,Forsa,15–17 Jan 2018,1504,–,34.0,18.0,12.0,8.0,10.0,12.0,6.0,16.0
240,Emnid,11–17 Jan 2018,1419,–,33.0,21.0,13.0,8.0,10.0,10.0,5.0,12.0
241,INSA,12–15 Jan 2018,2000,–,31.5,18.5,14.0,9.5,11.5,10.0,5.0,13.0
242,Forsa,8–12 Jan 2018,2501,22,33.0,20.0,11.0,9.0,9.0,12.0,6.0,13.0
243,Emnid,4–10 Jan 2018,1899,–,34.0,21.0,13.0,8.0,9.0,11.0,4.0,13.0
244,INSA,5–8 Jan 2018,2028,–,31.5,19.5,13.5,10.0,11.0,10.0,4.5,12.0
245,Civey,11 Dec 2017–8 Jan 2018,11880,–,31.1,19.3,14.5,9.3,9.9,11.1,4.8,11.8
246,Forsa,2–5 Jan 2018,2503,22,34.0,20.0,10.0,9.0,9.0,12.0,6.0,14.0
247,Infratest dimap,2–3 Jan 2018,1506,–,33.0,21.0,13.0,9.0,9.0,11.0,4.0,12.0
248,Emnid,21 Dec 2017–3 Jan 2018,1440,–,33.0,20.0,12.0,9.0,9.0,12.0,5.0,13.0
249,INSA,29 Dec 2017–2 Jan 2018,2012,–,32.5,19.5,13.0,10.0,11.0,10.0,4.0,13.0
250,GMS,27 Dec 2017–2 Jan 2018,1005,–,32.0,20.0,14.0,9.0,10.0,11.0,4.0,12.0
251,2017 federal election,24 Sep 2017,–,23.8,32.9,20.5,12.6,10.7,9.2,8.9,5.0,12.4
