,Polling firm,Fieldwork date,Samplesize,Abs.,Union,SPD,AfD,FDP,Linke,Grüne,Others,Lead
0,INSA,20–23 Dec 2019,2034,–,28.0,13.0,15.0,10.0,8.0,21.0,5.0,7
1,Forsa,16–20 Dec 2019,2501,23,28.0,13.0,13.0,8.0,8.0,22.0,8.0,6
2,Emnid,12–18 Dec 2019,1899,–,27.0,15.0,14.0,9.0,9.0,20.0,6.0,7
3,YouGov,13–17 Dec 2019,1586,–,27.0,13.0,15.0,7.0,10.0,21.0,7.0,6
4,INSA,13–16 Dec 2019,2020,–,27.0,13.0,15.0,8.5,9.5,21.0,6.0,6
5,Forsa,9–13 Dec 2019,2502,22,28.0,12.0,13.0,8.0,9.0,22.0,8.0,6
6,Forschungsgruppe Wahlen,10–12 Dec 2019,1366,–,27.0,13.0,14.0,8.0,9.0,23.0,6.0,4
7,Infratest dimap,10–11 Dec 2019,1038,–,27.0,14.0,15.0,8.0,8.0,21.0,7.0,6
8,Emnid,5–11 Dec 2019,1978,–,28.0,16.0,13.0,9.0,9.0,20.0,5.0,8
9,Allensbach,1–11 Dec 2019,1270,–,28.5,15.0,15.0,7.0,8.5,21.0,5.0,7.5
10,INSA,6–9 Dec 2019,2052,–,28.0,14.0,15.0,8.5,8.5,20.5,5.5,7.5
11,Forsa,2–6 Dec 2019,2502,24,28.0,11.0,14.0,9.0,8.0,22.0,8.0,6
12,Infratest dimap,2–4 Dec 2019,1507,–,25.0,13.0,15.0,9.0,8.0,23.0,7.0,2
13,Emnid,28 Nov–4 Dec 2019,1876,–,28.0,16.0,13.0,8.0,9.0,20.0,6.0,8
14,INSA,29 Nov–2 Dec 2019,2060,–,26.5,13.5,15.0,8.5,9.0,21.5,6.0,5
15,GMS,27 Nov–2 Dec 2019,1004,–,27.0,14.0,15.0,9.0,8.0,21.0,6.0,6
16,Forsa,25–29 Nov 2019,2500,23,27.0,14.0,13.0,8.0,8.0,22.0,8.0,5
17,Forschungsgruppe Wahlen,26–28 Nov 2019,1340,–,27.0,13.0,14.0,7.0,10.0,23.0,6.0,4
18,Emnid,20–27 Nov 2019,1910,–,28.0,15.0,14.0,8.0,9.0,20.0,6.0,8
19,YouGov,22–26 Nov 2019,1648,–,26.0,13.0,15.0,7.0,10.0,22.0,7.0,4
20,INSA,22–25 Nov 2019,2069,–,26.5,14.5,14.0,8.5,9.5,22.0,5.0,4.5
21,Forsa,18–22 Nov 2019,2501,22,26.0,14.0,13.0,9.0,9.0,21.0,8.0,5
22,Emnid,13–20 Nov 2019,1905,–,28.0,15.0,13.0,9.0,9.0,20.0,6.0,8
23,INSA,15–18 Nov 2019,4115,–,25.0,15.5,15.0,8.5,10.0,21.0,5.0,4
24,Forsa,11–15 Nov 2019,2501,23,26.0,15.0,13.0,9.0,10.0,19.0,8.0,7
25,Civey,7–14 Nov 2019,10198,–,27.7,14.3,13.1,8.7,9.6,20.5,6.1,7.2
26,Infratest dimap,12–13 Nov 2019,1046,–,25.0,15.0,14.0,7.0,9.0,22.0,8.0,3
27,Emnid,7–13 Nov 2019,1525,–,27.0,17.0,14.0,8.0,10.0,18.0,6.0,9
28,Allensbach,2–13 Nov 2019,1298,–,29.5,14.0,14.5,7.5,8.0,21.5,5.0,8
29,INSA,8–11 Nov 2019,2096,–,25.5,15.5,15.0,8.0,9.5,20.5,6.0,5
30,Forsa,4–8 Nov 2019,2501,24,26.0,13.0,13.0,9.0,10.0,21.0,8.0,5
31,Forschungsgruppe Wahlen,5–7 Nov 2019,1264,–,27.0,14.0,14.0,7.0,10.0,22.0,6.0,5
32,Infratest dimap,4–6 Nov 2019,1507,–,26.0,14.0,14.0,8.0,9.0,22.0,7.0,4
33,Emnid,30 Oct–6 Nov 2019,1431,–,26.0,16.0,14.0,10.0,10.0,18.0,6.0,8
34,YouGov,31 Oct–5 Nov 2019,1583,–,27.0,13.0,14.0,7.0,10.0,22.0,7.0,5
35,INSA,1–4 Nov 2019,2047,–,25.5,13.5,16.0,8.0,10.0,21.0,6.0,4.5
36,Forsa,28 Oct–1 Nov 2019,2502,25,28.0,13.0,13.0,8.0,10.0,20.0,8.0,8
37,Emnid,24–30 Oct 2019,1920,–,27.0,16.0,15.0,9.0,9.0,18.0,6.0,9
38,INSA,25–28 Oct 2019,2042,–,26.0,13.5,15.5,7.5,9.0,23.0,5.5,3
39,Forsa,21–25 Oct 2019,2501,22,29.0,14.0,13.0,8.0,8.0,20.0,8.0,9
40,Emnid,17–23 Oct 2019,1441,–,29.0,15.0,14.0,8.0,9.0,20.0,5.0,9
41,INSA,18–21 Oct 2019,2041,–,27.0,13.5,15.0,7.5,9.0,22.5,5.5,4.5
42,Forsa,14–18 Oct 2019,2501,22,27.0,14.0,13.0,8.0,8.0,22.0,8.0,5
43,Forschungsgruppe Wahlen,15–17 Oct 2019,1226,–,29.0,14.0,13.0,6.0,8.0,24.0,6.0,5
44,Infratest dimap,14–16 Oct 2019,1062,–,28.0,14.0,14.0,7.0,8.0,22.0,7.0,6
45,Emnid,10–16 Oct 2019,1444,–,29.0,15.0,13.0,7.0,9.0,20.0,7.0,9
46,INSA,11–14 Oct 2019,2052,–,28.0,14.0,15.0,7.5,8.0,21.5,6.0,6.5
47,Forsa,7–11 Oct 2019,2500,22,27.0,14.0,12.0,8.0,8.0,23.0,8.0,4
48,Allensbach,29 Sep–10 Oct 2019,1238,–,29.5,16.0,13.0,6.5,7.0,23.5,4.5,6
49,Infratest dimap,7–9 Oct 2019,1504,–,28.0,13.0,14.0,7.0,8.0,24.0,6.0,4
50,Emnid,2–9 Oct 2019,1916,–,28.0,14.0,15.0,7.0,8.0,21.0,7.0,7
51,INSA,4–7 Oct 2019,2059,–,27.0,13.0,16.0,8.5,9.0,21.0,5.5,6
52,GMS,1–7 Oct 2019,1002,–,27.0,14.0,15.0,8.0,7.0,22.0,7.0,5
53,Forsa,30 Sep–4 Oct 2019,2505,22,28.0,14.0,13.0,8.0,7.0,22.0,8.0,6
54,YouGov,27 Sep–1 Oct 2019,1573,–,26.0,13.0,15.0,8.0,8.0,22.0,8.0,4
55,Emnid,26 Sep–1 Oct 2019,1449,–,27.0,15.0,15.0,8.0,8.0,21.0,6.0,6
56,INSA,27–30 Sep 2019,2058,–,26.5,13.0,16.0,8.0,8.0,22.0,6.5,4.5
57,Forsa,23–27 Sep 2019,2505,20,27.0,13.0,13.0,9.0,7.0,23.0,8.0,4
58,Forschungsgruppe Wahlen,24–26 Sep 2019,1325,–,27.0,13.0,14.0,6.0,7.0,27.0,6.0,Tie
59,Emnid,19–25 Sep 2019,1719,–,27.0,16.0,15.0,7.0,8.0,21.0,6.0,6
60,INSA,20–23 Sep 2019,2052,–,26.0,14.0,16.0,8.0,8.0,22.0,6.0,4
61,Forsa,16–20 Sep 2019,2500,21,27.0,15.0,13.0,8.0,7.0,22.0,8.0,5
62,Infratest dimap,17–18 Sep 2019,1067,–,27.0,14.0,14.0,8.0,8.0,23.0,6.0,4
63,Emnid,12–18 Sep 2019,1639,–,29.0,15.0,14.0,8.0,8.0,21.0,5.0,8
64,INSA,13–16 Sep 2019,2053,–,26.5,13.5,16.0,7.5,7.5,22.5,6.5,4
65,Forsa,9–13 Sep 2019,2503,21,27.0,15.0,14.0,8.0,7.0,22.0,7.0,5
66,GMS,6–12 Sep 2019,1005,–,27.0,16.0,12.0,7.0,8.0,23.0,7.0,4
67,Allensbach,1–12 Sep 2019,1255,–,29.0,15.0,14.0,7.0,8.0,22.0,5.0,7
68,Emnid,5–11 Sep 2019,2835,–,28.0,16.0,15.0,8.0,7.0,21.0,5.0,7
69,YouGov,6–10 Sep 2019,1632,–,27.0,15.0,14.0,6.0,8.0,22.0,8.0,5
70,INSA,6–9 Sep 2019,2033,–,27.0,13.5,15.5,8.0,7.5,22.0,6.5,5
71,Civey,5–9 Sep 2019,10100,–,28.7,14.7,13.8,7.8,7.8,22.3,4.9,6.4
72,Forsa,2–6 Sep 2019,2503,20,27.0,15.0,13.0,8.0,6.0,23.0,8.0,4
73,Infratest dimap,3–4 Sep 2019,1514,–,27.0,14.0,15.0,7.0,7.0,23.0,7.0,4
74,Forschungsgruppe Wahlen,2–4 Sep 2019,1270,–,28.0,15.0,13.0,6.0,7.0,24.0,7.0,4
75,Emnid,29 Aug–4 Sep 2019,1884,–,29.0,16.0,14.0,7.0,8.0,21.0,5.0,8
76,INSA,30 Aug–2 Sep 2019,2017,–,26.0,14.5,15.0,8.5,7.0,23.5,5.5,2.5
77,Forsa,26–30 Aug 2019,2501,19,27.0,15.0,12.0,9.0,7.0,23.0,7.0,4
78,Emnid,22–28 Aug 2019,1434,–,29.0,15.0,14.0,7.0,7.0,22.0,6.0,7
79,INSA,23–26 Aug 2019,2058,–,26.0,13.0,15.0,8.0,8.0,24.0,6.0,2
80,Forsa,19–23 Aug 2019,2504,21,26.0,14.0,13.0,9.0,8.0,23.0,7.0,3
81,Infratest dimap,20–21 Aug 2019,1063,–,26.0,14.0,14.0,7.0,7.0,25.0,7.0,1
82,Emnid,15–21 Aug 2019,1555,–,27.0,15.0,14.0,8.0,8.0,23.0,5.0,4
83,INSA,16–19 Aug 2019,2056,–,26.5,13.0,14.5,9.0,8.0,24.5,4.5,2
84,Forsa,12–16 Aug 2019,2501,23,25.0,13.0,13.0,9.0,8.0,24.0,8.0,1
85,Allensbach,2–15 Aug 2019,1262,–,29.5,13.5,12.5,7.0,8.0,24.0,5.5,5.5
86,Emnid,8–14 Aug 2019,1897,–,27.0,14.0,14.0,8.0,9.0,22.0,6.0,5
87,INSA,9–11 Aug 2019,2060,–,27.5,12.0,14.5,9.0,8.0,23.5,5.5,4
88,Forsa,5–9 Aug 2019,2503,22,26.0,12.0,13.0,8.0,8.0,25.0,8.0,1
89,Forschungsgruppe Wahlen,6–8 Aug 2019,1307,–,28.0,13.0,13.0,7.0,7.0,25.0,7.0,3
90,Emnid,1–7 Aug 2019,2388,–,26.0,14.0,14.0,9.0,9.0,22.0,6.0,4
91,INSA,2–5 Aug 2019,2049,–,27.5,11.5,15.0,9.0,9.0,23.5,4.5,4
92,Forsa,29 Jul–2 Aug 2019,2501,22,27.0,13.0,13.0,9.0,8.0,23.0,7.0,4
93,Infratest dimap,29–31 Jul 2019,1503,–,26.0,12.0,14.0,8.0,7.0,26.0,7.0,Tie
94,Emnid,25–31 Jul 2019,1419,–,26.0,13.0,14.0,9.0,8.0,23.0,7.0,3
95,YouGov,26–29 Jul 2019,1594,–,26.0,13.0,14.0,8.0,8.0,24.0,7.0,2
96,INSA,26–29 Jul 2019,2036,–,27.0,12.5,14.5,9.0,8.0,24.5,4.5,2.5
97,Forsa,22–26 Jul 2019,2502,20,27.0,13.0,13.0,9.0,7.0,24.0,7.0,3
98,Infratest dimap,22–24 Jul 2019,1046,–,26.0,13.0,12.0,9.0,8.0,26.0,6.0,Tie
99,Emnid,18–24 Jul 2019,1520,–,26.0,14.0,13.0,9.0,8.0,23.0,7.0,3
100,INSA,19–22 Jul 2019,2081,–,28.5,12.5,14.5,8.0,8.0,22.5,6.0,6
101,GMS,17–22 Jul 2019,1002,–,28.0,13.0,12.0,8.0,8.0,25.0,6.0,3
102,Forsa,15–19 Jul 2019,2500,20,27.0,13.0,12.0,8.0,8.0,24.0,8.0,3
103,Forschungsgruppe Wahlen,16–18 Jul 2019,1290,–,28.0,13.0,12.0,8.0,8.0,25.0,6.0,3
104,Emnid,11–17 Jul 2019,1908,–,27.0,14.0,13.0,9.0,9.0,22.0,6.0,5
105,INSA,12–15 Jul 2019,2043,–,26.0,14.0,14.0,9.0,9.0,23.0,5.0,3
106,Forsa,8–12 Jul 2019,2500,19,26.0,13.0,13.0,7.0,8.0,25.0,8.0,1
107,Allensbach,1–11 Jul 2019,1228,–,29.5,14.5,11.5,7.0,8.5,23.0,6.0,6.5
108,Emnid,4–10 Jul 2019,2377,–,26.0,15.0,13.0,8.0,9.0,24.0,5.0,2
109,INSA,5–8 Jul 2019,2069,–,27.0,13.5,14.0,8.0,8.5,24.0,5.0,3
110,Forsa,1–5 Jul 2019,2501,19,26.0,12.0,12.0,8.0,8.0,26.0,8.0,Tie
111,Infratest dimap,1–3 Jul 2019,1506,–,25.0,13.0,13.0,8.0,8.0,26.0,7.0,1
112,Emnid,27 Jun–3 Jul 2019,2389,–,26.0,13.0,14.0,7.0,9.0,24.0,7.0,2
113,YouGov,28 Jun–2 Jul 2019,1644,–,26.0,13.0,13.0,7.0,8.0,25.0,8.0,1
114,INSA,28 Jun–1 Jul 2019,2053,–,27.0,13.0,14.0,8.0,8.0,24.0,6.0,3
115,Forsa,24–28 Jun 2019,2501,19,26.0,12.0,12.0,8.0,8.0,26.0,8.0,Tie
116,Infratest dimap,24–26 Jun 2019,1051,–,26.0,13.0,12.0,9.0,7.0,25.0,8.0,1
117,Emnid,21–26 Jun 2019,1906,–,26.0,13.0,14.0,8.0,8.0,25.0,6.0,1
118,INSA,21–24 Jun 2019,2078,–,25.5,12.5,13.5,8.5,9.0,25.5,5.5,Tie
119,GMS,18–24 Jun 2019,1004,–,26.0,13.0,13.0,8.0,8.0,26.0,6.0,Tie
120,Forsa,17–21 Jun 2019,2500,18,24.0,12.0,13.0,8.0,8.0,27.0,8.0,3
121,Forschungsgruppe Wahlen,17–19 Jun 2019,1291,–,27.0,14.0,13.0,7.0,7.0,26.0,6.0,1
122,Emnid,13–18 Jun 2019,1910,–,27.0,12.0,14.0,7.0,8.0,25.0,7.0,2
123,INSA,14–17 Jun 2019,2060,–,25.0,13.0,13.5,9.0,9.0,25.0,5.5,Tie
124,Forsa,11–14 Jun 2019,2001,18,24.0,11.0,13.0,9.0,8.0,27.0,8.0,3
125,Emnid,6–12 Jun 2019,2377,–,25.0,12.0,13.0,8.0,8.0,27.0,7.0,2
126,Allensbach,1–12 Jun 2019,1273,–,29.0,12.0,12.0,8.0,8.0,25.0,6.0,4
127,Civey,4–11 Jun 2019,10008,–,28.3,13.9,10.7,9.2,7.6,23.8,6.5,4.5
128,INSA,7–10 Jun 2019,2074,–,24.0,13.0,13.5,9.0,7.5,26.5,6.5,2.5
129,Forsa,3–7 Jun 2019,2501,18,24.0,12.0,12.0,8.0,8.0,27.0,9.0,3
130,Forschungsgruppe Wahlen,3–5 Jun 2019,1297,–,27.0,13.0,13.0,7.0,7.0,26.0,7.0,1
131,Infratest dimap,3–5 Jun 2019,1500,–,25.0,12.0,13.0,8.0,7.0,26.0,9.0,1
132,Emnid,29 May–5 Jun 2019,1903,–,27.0,12.0,12.0,8.0,7.0,27.0,7.0,Tie
133,INSA,3 Jun 2019,1000,–,26.0,14.0,13.0,8.0,8.0,25.0,6.0,1
134,Forsa,27–31 May 2019,2001,17,26.0,12.0,11.0,8.0,7.0,27.0,9.0,1
135,Emnid,23–28 May 2019,1413,–,28.0,16.0,13.0,8.0,8.0,20.0,7.0,8
136,INSA,24–27 May 2019,2039,–,27.5,15.5,13.5,9.5,9.0,19.0,6.0,8.5
137,Forsa,20–24 May 2019,2500,24,28.0,17.0,13.0,8.0,8.0,18.0,8.0,10
138,Emnid,16–22 May 2019,1895,–,29.0,17.0,13.0,9.0,9.0,17.0,6.0,12
139,YouGov,17–21 May 2019,1609,–,29.0,18.0,12.0,8.0,9.0,18.0,6.0,11
140,INSA,17–20 May 2019,2074,–,28.0,15.5,14.0,10.0,9.0,18.5,5.0,9.5
141,Forsa,13–17 May 2019,2503,22,29.0,16.0,13.0,8.0,9.0,19.0,6.0,10
142,Allensbach,3–16 May 2019,1283,–,30.0,17.5,13.0,9.0,8.5,17.0,5.0,12.5
143,Emnid,9–15 May 2019,1975,–,29.0,16.0,13.0,9.0,9.0,18.0,6.0,11
144,INSA,10–13 May 2019,2044,–,28.5,16.0,14.0,9.5,9.0,19.0,4.0,9.5
145,Forsa,6–10 May 2019,2502,23,30.0,15.0,13.0,8.0,8.0,20.0,6.0,10
146,Forschungsgruppe Wahlen,7–9 May 2019,1357,–,30.0,16.0,14.0,7.0,8.0,20.0,5.0,10
147,Emnid,2–8 May 2019,2393,–,29.0,16.0,13.0,9.0,9.0,19.0,5.0,10
148,GMS,2–8 May 2019,1006,–,29.0,17.0,13.0,8.0,9.0,19.0,5.0,10
149,INSA,3–6 May 2019,2089,–,28.5,16.0,14.0,9.0,8.5,20.0,4.0,8.5
150,Forsa,29 Apr–3 May 2019,2002,23,29.0,15.0,13.0,8.0,9.0,20.0,6.0,9
151,Infratest dimap,29–30 Apr 2019,1505,–,28.0,18.0,12.0,8.0,9.0,20.0,5.0,8
152,Emnid,25–30 Apr 2019,1903,–,28.0,17.0,13.0,9.0,9.0,19.0,5.0,9
153,INSA,26–29 Apr 2019,2005,–,28.0,16.0,14.0,10.0,9.0,19.0,4.0,9
154,YouGov,26–29 Apr 2019,1642,–,29.0,18.0,13.0,9.0,9.0,17.0,5.0,11
155,Civey,22–29 Apr 2019,10076,–,29.1,16.4,13.3,9.3,8.7,18.2,5.0,10.9
156,Forsa,23–26 Apr 2019,2001,23,27.0,17.0,13.0,8.0,9.0,20.0,6.0,7
157,Emnid,18–24 Apr 2019,1433,–,28.0,17.0,13.0,9.0,10.0,18.0,5.0,10
158,INSA,18–21 Apr 2019,1005,–,30.0,16.0,14.0,10.0,10.0,17.0,3.0,13
159,Forsa,15–18 Apr 2019,2004,23,28.0,17.0,13.0,9.0,8.0,19.0,6.0,9
160,Emnid,11–17 Apr 2019,2709,–,28.0,18.0,13.0,8.0,9.0,19.0,5.0,9
161,Infratest dimap,15–16 Apr 2019,1051,–,29.0,16.0,13.0,8.0,8.0,21.0,5.0,8
162,INSA,12–15 Apr 2019,2013,–,30.5,15.5,14.0,9.0,9.0,18.0,4.0,12.5
163,Forsa,8–12 Apr 2019,2501,24,29.0,16.0,12.0,10.0,8.0,19.0,6.0,10
164,Allensbach,1–12 Apr 2019,1305,–,30.0,18.5,12.5,9.0,8.0,18.0,4.0,11.5
165,Forschungsgruppe Wahlen,9–11 Apr 2019,1282,–,28.0,17.0,13.0,8.0,9.0,20.0,5.0,8
166,Emnid,4–10 Apr 2019,2559,–,30.0,17.0,12.0,9.0,9.0,17.0,6.0,13
167,INSA,5–8 Apr 2019,2040,–,29.0,15.5,14.0,10.0,8.5,19.0,4.0,10
168,Forsa,1–5 Apr 2019,2501,26,29.0,16.0,12.0,10.0,8.0,20.0,5.0,9
169,Infratest dimap,1–3 Apr 2019,1503,–,29.0,17.0,12.0,9.0,8.0,20.0,5.0,9
170,Emnid,28 Mar–3 Apr 2019,2335,–,31.0,17.0,12.0,8.0,9.0,18.0,5.0,13
171,GMS,28 Mar–3 Apr 2019,1003,–,30.0,15.0,13.0,10.0,9.0,18.0,5.0,12
172,INSA,28 Mar–1 Apr 2019,4000,–,29.5,16.5,13.5,10.0,8.5,17.5,4.5,12
173,Forsa,25–29 Mar 2019,2504,27,28.0,16.0,12.0,10.0,8.0,20.0,6.0,8
174,Forschungsgruppe Wahlen,25–27 Mar 2019,1325,–,30.0,15.0,13.0,9.0,9.0,19.0,5.0,11
175,Emnid,21–27 Mar 2019,2361,–,30.0,16.0,13.0,9.0,9.0,17.0,6.0,13
176,YouGov,22–26 Mar 2019,1633,–,30.0,18.0,12.0,9.0,9.0,17.0,5.0,12
177,INSA,22–25 Mar 2019,2012,–,30.5,15.5,13.5,9.0,9.0,17.5,5.0,13
178,Forsa,18–22 Mar 2019,2501,25,30.0,16.0,11.0,9.0,8.0,20.0,6.0,10
179,Allensbach,7–21 Mar 2019,1198,–,30.0,18.0,12.0,8.5,8.5,19.0,4.0,11
180,Infratest dimap,19–20 Mar 2019,1041,–,29.0,18.0,12.0,9.0,8.0,19.0,5.0,10
181,Emnid,14–20 Mar 2019,1518,–,31.0,17.0,14.0,8.0,8.0,17.0,5.0,14
182,INSA,15–18 Mar 2019,2030,–,29.5,16.0,14.5,9.0,9.0,17.5,4.5,12
183,Forsa,11–15 Mar 2019,2505,24,31.0,15.0,12.0,10.0,7.0,19.0,6.0,12
184,Forschungsgruppe Wahlen,12–14 Mar 2019,1290,–,31.0,16.0,12.0,8.0,8.0,19.0,6.0,12
185,Infratest dimap,11–13 Mar 2019,1508,–,29.0,17.0,13.0,8.0,9.0,19.0,5.0,10
186,Emnid,7–13 Mar 2019,1904,–,31.0,16.0,13.0,8.0,9.0,17.0,6.0,14
187,INSA,8–11 Mar 2019,2005,–,30.5,15.0,14.5,10.0,9.0,17.5,3.5,13
188,Forsa,4–8 Mar 2019,2501,24,31.0,15.0,12.0,9.0,8.0,19.0,6.0,12
189,Emnid,28 Feb–6 Mar 2019,1906,–,31.0,17.0,14.0,8.0,9.0,16.0,5.0,14
190,INSA,27 Feb–1 Mar 2019,4000,–,29.0,17.0,14.5,10.0,10.0,15.5,4.0,12
191,Forsa,25 Feb–1 Mar 2019,2502,?,30.0,16.0,11.0,9.0,8.0,20.0,6.0,10
192,Emnid,21–27 Feb 2019,1420,–,29.0,18.0,14.0,8.0,10.0,16.0,5.0,11
193,GMS,21–27 Feb 2019,1005,–,31.0,16.0,14.0,9.0,9.0,18.0,3.0,13
194,YouGov,22–26 Feb 2019,1620,–,30.0,18.0,13.0,9.0,9.0,17.0,4.0,12
195,INSA,22–25 Feb 2019,2048,–,29.5,18.0,14.0,9.5,9.0,15.5,4.5,11.5
196,Forsa,18–22 Feb 2019,2501,26,30.0,16.0,12.0,9.0,7.0,20.0,6.0,10
197,Forschungsgruppe Wahlen,19–21 Feb 2019,1226,–,31.0,15.0,13.0,7.0,9.0,20.0,5.0,11
198,Infratest dimap,19–20 Feb 2019,1029,–,30.0,18.0,12.0,8.0,8.0,18.0,6.0,12
199,Emnid,14–20 Feb 2019,1511,–,29.0,19.0,13.0,9.0,9.0,16.0,5.0,10
200,INSA,15–18 Feb 2019,2046,–,30.0,18.0,14.0,9.0,9.5,15.0,4.5,12
201,Forsa,11–15 Feb 2019,2501,25,29.0,17.0,12.0,10.0,6.0,21.0,5.0,8
202,Infratest dimap,11–13 Feb 2019,1503,–,29.0,17.0,13.0,9.0,8.0,19.0,5.0,10
203,Emnid,7–13 Feb 2019,1891,–,30.0,19.0,13.0,8.0,10.0,15.0,5.0,11
204,Allensbach,1–13 Feb 2019,1222,–,30.0,18.0,13.5,8.0,8.0,18.5,4.0,12
205,INSA,8–11 Feb 2019,2051,–,29.5,15.5,14.0,8.5,10.5,18.5,3.5,11
206,Forsa,4–8 Feb 2019,2500,24,31.0,15.0,12.0,10.0,8.0,19.0,5.0,12
207,Forschungsgruppe Wahlen,5–7 Feb 2019,1350,–,30.0,16.0,12.0,8.0,9.0,20.0,5.0,10
208,Emnid,31 Jan–6 Feb 2019,1900,–,30.0,17.0,13.0,9.0,9.0,17.0,5.0,13
209,INSA,1–4 Feb 2019,2034,–,30.0,14.5,14.0,8.5,10.5,18.5,4.0,11.5
210,Forsa,28 Jan–1 Feb 2019,2501,25,32.0,15.0,12.0,9.0,8.0,19.0,5.0,13
211,Emnid,24–30 Jan 2019,1434,–,29.0,16.0,15.0,10.0,8.0,18.0,4.0,11
212,YouGov,25–29 Jan 2019,1578,–,32.0,15.0,14.0,8.0,9.0,18.0,4.0,14
213,INSA,25–28 Jan 2019,2056,–,30.0,15.0,14.0,9.0,10.0,18.0,4.0,12
214,Forsa,21–25 Jan 2019,2501,24,32.0,14.0,11.0,9.0,9.0,20.0,5.0,12
215,Forschungsgruppe Wahlen,22–24 Jan 2019,1285,–,31.0,14.0,13.0,8.0,9.0,20.0,5.0,11
216,Infratest dimap,22–23 Jan 2019,1051,–,28.0,15.0,15.0,9.0,8.0,20.0,5.0,8
217,Emnid,17–23 Jan 2019,2017,–,29.0,16.0,14.0,9.0,9.0,19.0,4.0,10
218,GMS,16–23 Jan 2019,1003,–,31.0,14.0,13.0,10.0,9.0,19.0,4.0,12
219,INSA,18–21 Jan 2019,2044,–,31.0,13.5,13.0,9.5,9.5,19.5,4.0,11.5
220,Forsa,14–18 Jan 2019,2503,24,32.0,15.0,12.0,9.0,8.0,19.0,5.0,13
221,Allensbach,5–17 Jan 2019,1249,–,31.5,16.5,13.0,8.5,8.5,18.0,4.0,13.5
222,Emnid,10–16 Jan 2019,1448,–,30.0,15.0,14.0,8.0,9.0,18.0,6.0,12
223,INSA,11–14 Jan 2019,2028,–,29.0,14.5,14.5,9.5,10.5,18.0,4.0,11
224,Forsa,7–11 Jan 2019,2504,25,32.0,15.0,12.0,9.0,8.0,19.0,5.0,13
225,Forschungsgruppe Wahlen,8–10 Jan 2019,1267,–,29.0,14.0,14.0,8.0,9.0,21.0,5.0,8
226,Infratest dimap,7–9 Jan 2019,1505,–,29.0,15.0,14.0,9.0,9.0,20.0,4.0,9
227,Emnid,3–9 Jan 2019,1964,–,31.0,15.0,14.0,8.0,9.0,18.0,5.0,13
228,Civey,1–8 Jan 2019,11881,–,28.6,15.5,16.0,8.8,8.6,18.1,4.4,10.5
229,INSA,5–7 Jan 2019,2056,–,30.0,15.0,15.0,10.0,10.0,17.0,3.0,13
230,Forsa,2–4 Jan 2019,1503,24,32.0,15.0,12.0,8.0,9.0,19.0,5.0,13
231,INSA,2–3 Jan 2019,1026,–,29.0,15.0,14.0,10.0,10.0,18.0,4.0,11
232,2017 federal election,24 Sep 2017,–,23.8,32.9,20.5,12.6,10.7,9.2,8.9,5.0,12.4
